Start:
1.0,0.0,0.0,0.0,
0.0,1.0,0.0,0.0,
0.7,0.0,0.0,0.3,
Transition:
0.0,0.0,0.0,0.0,
0.0,0.0,0.0,0.0,
0.0,0.0,0.0,0.0,
0.0,0.0,0.0,0.0,
-
0.0,0.0,1.0,0.0,
0.0,1.0,0.0,0.0,
0.0,0.0,0.0,0.0,
0.0,3.0,0.0,0.0,
-
0.0,0.0,0.0,0.0,
0.0,0.0,0.0,0.0,
0.0,0.0,0.0,0.0,
0.0,0.0,0.0,0.0,
-
0.0,0.0,0.0,0.0,
0.0,0.0,0.0,0.0,
0.0,0.0,0.0,0.0,
0.0,0.0,0.0,0.0,
-
--
1.0,0.0,0.0,0.0,
0.0,0.0,0.0,0.0,
6.0,0.0,0.0,0.0,
0.0,0.0,0.0,0.0,
-
0.0,0.0,0.0,0.0,
0.0,0.0,0.0,0.0,
0.0,0.0,0.0,0.0,
0.0,0.0,0.0,0.0,
-
0.0,0.0,0.0,0.0,
0.0,0.0,0.0,0.0,
0.0,0.0,0.0,0.0,
0.0,0.0,0.0,0.0,
-
1.0,0.0,0.0,0.0,
3.0,0.0,0.0,0.0,
0.0,0.0,0.0,0.0,
0.0,0.0,0.0,0.0,
-
--
0.0,0.0,0.0,0.0,
0.0,0.0,0.0,0.0,
0.0,0.0,0.0,0.0,
0.0,0.0,0.0,0.0,
-
0.0,0.0,0.0,0.0,
0.0,0.0,0.0,0.0,
0.0,0.0,0.0,0.0,
0.0,0.0,0.0,0.0,
-
0.0,0.0,0.0,0.0,
0.0,0.0,0.0,0.0,
0.0,0.0,0.0,0.0,
0.0,0.0,0.0,0.0,
-
0.0,0.0,0.0,0.0,
0.0,0.0,0.0,0.0,
0.0,0.0,0.0,0.0,
0.0,0.0,0.0,0.0,
-
--
0.0,0.0,0.0,0.0,
0.0,0.0,0.0,0.0,
0.0,0.0,0.0,0.0,
0.0,0.0,0.0,0.0,
-
0.0,0.0,1.0,0.0,
0.0,0.0,0.0,0.0,
0.0,0.0,0.0,0.0,
0.0,0.0,0.0,0.0,
-
0.0,0.0,0.0,0.0,
0.0,0.0,0.0,0.0,
0.0,0.0,0.0,0.0,
0.0,0.0,0.0,0.0,
-
0.0,0.0,0.0,0.0,
0.0,0.0,0.0,0.0,
0.0,0.0,0.0,0.0,
0.0,0.0,0.0,0.0,
-
--
Map:
Pos,Stop,Neg:3
Stop,Stop,Pos:2
Stop,Stop,Stop:0
Stop,Stop,Neg:1
n_states:
4.8
