times
0, 0.000160932540894, 0.000268936157227, 0.000533103942871, 0.0334808826447, 0.634871006012, 1.23827695847, 1.99084591866, 1.99101495743, 1.99112296104, 1.99131298065, 1.99162387848, 2.29287791252, 2.29302406311, 2.29311299324, 2.44342088699, 2.44354486465, 2.44372200966, 3.04542994499, 3.04563498497, 3.64626908302, 3.64633893967, 3.64652204514, 3.64654684067, 3.64667582512, 3.947961092, 3.94816088676, 4.39909601212, 4.39947390556, 4.39959192276, 4.39967703819, 4.5499548912, 5.00192904472, 5.00217103958
start_prob
place
probs
0.0, 0.5294117647059825, 0.4635294117648275, 0.22823529411776872, 0.22823529411776872, 0.22823529411776872, 0.23803921568639616, 0.33191876750710303, 0.41035014005602244, 0.5265192392746569, 0.5447265221878222, 0.5447265221878222, 0.6241382868937086, 0.6143343653250812, 0.32968450538110367, 0.32968450538110367, 0.27549019607843545, 0.27549019607843545, 0.19607843137254902, 0.21843137254901962, 0.21843137254901962, 0.21843137254901962, 0.21843137254901962, 0.22823529411764706, 0.22823529411764706, 0.22823529411764706, 0.13725490196078433, 0.13725490196078433, 0.13725490196078433, 0.12745098039215685, 0.12745098039215685, 0.12745098039215685, 0.12745098039215685, 0.12745098039215685
times_polyfit
0.0, 0.1000434207916, 0.2000868415832, 0.3001302623748, 0.4001736831664, 0.500217103958, 0.6002605247496, 0.7003039455412, 0.8003473663328, 0.9003907871244, 1.000434207916, 1.1004776287076, 1.2005210494992, 1.3005644702908001, 1.4006078910824, 1.500651311874, 1.6006947326656, 1.7007381534572001, 1.8007815742488, 1.9008249950404, 2.000868415832, 2.1009118366236, 2.2009552574152, 2.3009986782068, 2.4010420989984, 2.50108551979, 2.6011289405816003, 2.7011723613732, 2.8012157821648, 2.9012592029564, 3.001302623748, 3.1013460445396, 3.2013894653312, 3.3014328861228, 3.4014763069144003, 3.501519727706, 3.6015631484976, 3.7016065692892, 3.8016499900808, 3.9016934108724, 4.001736831664, 4.1017802524556, 4.2018236732472, 4.3018670940388, 4.4019105148304, 4.501953935622, 4.6019973564136, 4.7020407772052, 4.8020841979968, 4.9021276187884, 5.00217103958
prob_polyfit
0.30053869093089275, 0.20252052805057574, 0.14259553919264439, 0.11305751239591527, 0.10717394320077905, 0.11911110169807931, 0.14386184458994028, 0.17717617226254329, 0.21549453087084919, 0.25588385943527397, 0.29597638195030701, 0.3339111445050818, 0.36827829741589496, 0.39806612237067102, 0.42261080458537631, 0.44154894997238353, 0.45477284732078332, 0.46238847548864498, 0.46467625560722264, 0.46205454829711173, 0.45504589589635264, 0.44424600970049238, 0.43029550221457741, 0.41385436441711071, 0.39557918803593611, 0.37610313283610958, 0.35601863891968205, 0.33586288403742143, 0.31610598591255262, 0.29714194957633772, 0.27928235971574528, 0.26275281803290201, 0.24769212561663095, 0.23415421032588296, 0.22211279918508203, 0.21146883579151271, 0.20206064273456753, 0.19367682902692113, 0.18607194254787035, 0.17898486749823689, 0.17215996686761709, 0.16537096991337413, 0.15844760465144009, 0.15130497535955573, 0.14397568509177933, 0.13664470320560113, 0.12968697790043776, 0.12370779376869773, 0.11958587435795415, 0.11851922974614243, 0.12207374912740337
grasp
probs
0.0, 0.5244817927169854, 0.5372549019606524, 0.30745098039202723, 0.30745098039202723, 0.30745098039202723, 0.3545098039214237, 0.46235294117662024, 0.34470588235309085, 0.2741176470589732, 0.2741176470589732, 0.2741176470589732, 0.34509803921583354, 0.2980392156864371, 0.264575163398611, 0.264575163398611, 0.18810457516331683, 0.18810457516331683, 0.1116339869280227, 0.2554621848739493, 0.2554621848739493, 0.2554621848739493, 0.27226890756310296, 0.36050420168075, 0.36050420168075, 0.36050420168075, 0.011764705882368236, 0.011764705882368236, 0.011764705882368236, 0.0, 0.0, 0.0, 0.0, 0.0
times_polyfit
0.0, 0.1000434207916, 0.2000868415832, 0.3001302623748, 0.4001736831664, 0.500217103958, 0.6002605247496, 0.7003039455412, 0.8003473663328, 0.9003907871244, 1.000434207916, 1.1004776287076, 1.2005210494992, 1.3005644702908001, 1.4006078910824, 1.500651311874, 1.6006947326656, 1.7007381534572001, 1.8007815742488, 1.9008249950404, 2.000868415832, 2.1009118366236, 2.2009552574152, 2.3009986782068, 2.4010420989984, 2.50108551979, 2.6011289405816003, 2.7011723613732, 2.8012157821648, 2.9012592029564, 3.001302623748, 3.1013460445396, 3.2013894653312, 3.3014328861228, 3.4014763069144003, 3.501519727706, 3.6015631484976, 3.7016065692892, 3.8016499900808, 3.9016934108724, 4.001736831664, 4.1017802524556, 4.2018236732472, 4.3018670940388, 4.4019105148304, 4.501953935622, 4.6019973564136, 4.7020407772052, 4.8020841979968, 4.9021276187884, 5.00217103958
prob_polyfit
0.34373908639007589, 0.25409137017601147, 0.20848892156943985, 0.19537177295091807, 0.2050450576692241, 0.22950052083839412, 0.26224592163973826, 0.29814232712883693, 0.33324929754751387, 0.36467796314079093, 0.39045199247881912, 0.40937645228379071, 0.42091455876183137, 0.42507232043986976, 0.4222910725074821, 0.41334790266372712, 0.3992639684689453, 0.38122070620155857, 0.36048393121981326, 0.33833582982854715, 0.31601484265089719, 0.29466343950501506, 0.27528378578573742, 0.25870130035124694, 0.24553610491471745, 0.2361823649409508, 0.23079552204793219, 0.22928741791342644, 0.23132930968654952, 0.23636277690430163, 0.2436185199130666, 0.25214304979510704, 0.26083326980001031, 0.2684789482812372, 0.27381308313743802, 0.2755701577589208, 0.27255228847903556, 0.26370326353050555, 0.24819047350688017, 0.22549473332871017, 0.19550799571488053, 0.15863895615919266, 0.11592654941105718, 0.069161337462242511, 0.021014789037869019, -0.024823549407336887, -0.063500991187934619, -0.088848755381308986, -0.093221121317349609, -0.067326691560729013, -5.1763392353687543e-05
hammer
probs
0.0, 0.3827450980392544, 0.333333333333372, 0.09803921568631316, 0.09803921568631316, 0.09803921568631316, 0.0915032679739125, 0.12209150326803014, 0.07895424836603071, 0.20679738562097896, 0.1982189542484378, 0.1982189542484378, 0.29665032679750375, 0.3031862745099044, 0.2998039215687985, 0.2998039215687985, 0.11803921568632081, 0.11803921568632081, 0.0196078431372549, 0.08549019607843136, 0.08549019607843136, 0.08549019607843136, 0.08549019607843136, 0.10632352941177253, 0.10632352941177253, 0.10632352941177253, 0.0196078431372549, 0.0196078431372549, 0.0196078431372549, 0.0065359477124183, 0.0065359477124183, 0.0065359477124183, 0.0065359477124183, 0.0065359477124183
times_polyfit
0.0, 0.1000434207916, 0.2000868415832, 0.3001302623748, 0.4001736831664, 0.500217103958, 0.6002605247496, 0.7003039455412, 0.8003473663328, 0.9003907871244, 1.000434207916, 1.1004776287076, 1.2005210494992, 1.3005644702908001, 1.4006078910824, 1.500651311874, 1.6006947326656, 1.7007381534572001, 1.8007815742488, 1.9008249950404, 2.000868415832, 2.1009118366236, 2.2009552574152, 2.3009986782068, 2.4010420989984, 2.50108551979, 2.6011289405816003, 2.7011723613732, 2.8012157821648, 2.9012592029564, 3.001302623748, 3.1013460445396, 3.2013894653312, 3.3014328861228, 3.4014763069144003, 3.501519727706, 3.6015631484976, 3.7016065692892, 3.8016499900808, 3.9016934108724, 4.001736831664, 4.1017802524556, 4.2018236732472, 4.3018670940388, 4.4019105148304, 4.501953935622, 4.6019973564136, 4.7020407772052, 4.8020841979968, 4.9021276187884, 5.00217103958
prob_polyfit
0.1880496751247939, 0.14532129332281546, 0.11305611583702949, 0.089920820285886133, 0.074667704453126968, 0.066133502492509766, 0.063238078806716086, 0.064982999600441377, 0.070449982107667924, 0.078799221493119881, 0.089267595427901553, 0.10116674633931796, 0.11388104133487811, 0.12686540980048058, 0.13964305867278229, 0.1518030653857502, 0.16299784849139234, 0.17294051595467888, 0.18140209112263597, 0.18820861636763089, 0.19323813440483475, 0.19641754728386931, 0.19771935305463631, 0.19715826010733087, 0.19478767918663356, 0.19069609308009064, 0.18500330398067236, 0.17785655852351426, 0.16942655049684432, 0.1599033012270922, 0.14949191763817252, 0.13840822798496558, 0.12687429526097152, 0.11511380828014697, 0.10334735043292223, 0.091787546116412738, 0.080634084838797998, 0.070068622997894986, 0.060249563333904549, 0.051306712056355203, 0.043335813645203253, 0.036392963326153632, 0.030488897220119743, 0.02558316016689513, 0.021578151223019454, 0.018313046833769026, 0.015557601679414251, 0.013005827195580327, 0.01026954776782954, 0.0068718346004447428, 0.0022403172593380705
trans_prob
place
probs
0.0, 0.5294117647059825, 0.2941176470589238, 0.2941176470589238, 0.30392156862750713, 0.30392156862750713, 0.33333333333343357, 0.3578431372550022, 0.4362745098039216, 0.453781512605042, 0.4117647058823529, 0.4117647058823529, 0.4117647058823529, 0.37254901960784315, 0.5490196078431372, 0.5490196078431372, 0.5490196078431372, 0.5490196078431372, 0.5490196078431372, 0.6078431372549019, 0.6078431372549019, 0.6078431372549019, 0.6078431372549019, 0.6078431372549019, 0.6078431372549019, 0.6078431372549019, 0.37254901960784315, 0.37254901960784315, 0.37254901960784315, 0.35294117647058826, 0.35294117647058826, 0.35294117647058826, 0.35294117647058826, 0.35294117647058826
times_polyfit
0.0, 0.1000434207916, 0.2000868415832, 0.3001302623748, 0.4001736831664, 0.500217103958, 0.6002605247496, 0.7003039455412, 0.8003473663328, 0.9003907871244, 1.000434207916, 1.1004776287076, 1.2005210494992, 1.3005644702908001, 1.4006078910824, 1.500651311874, 1.6006947326656, 1.7007381534572001, 1.8007815742488, 1.9008249950404, 2.000868415832, 2.1009118366236, 2.2009552574152, 2.3009986782068, 2.4010420989984, 2.50108551979, 2.6011289405816003, 2.7011723613732, 2.8012157821648, 2.9012592029564, 3.001302623748, 3.1013460445396, 3.2013894653312, 3.3014328861228, 3.4014763069144003, 3.501519727706, 3.6015631484976, 3.7016065692892, 3.8016499900808, 3.9016934108724, 4.001736831664, 4.1017802524556, 4.2018236732472, 4.3018670940388, 4.4019105148304, 4.501953935622, 4.6019973564136, 4.7020407772052, 4.8020841979968, 4.9021276187884, 5.00217103958
prob_polyfit
0.2831325768045358, 0.29194656471440067, 0.29878581526284193, 0.30382563616970765, 0.30731816104017989, 0.30957362179634829, 0.31094291747271324, 0.31180147937561881, 0.31253443260661506, 0.31352305394975094, 0.31513252612279541, 0.3177009883923898, 0.32152988355312867, 0.32687560127057103, 0.33394241778818096, 0.3428767319981979, 0.35376259787643716, 0.36661855328101911, 0.38139574511502849, 0.39797735085310437, 0.41617929643195839, 0.43575227050482324, 0.45638503505983075, 0.47770903240232004, 0.49930428850107522, 0.52070661269849228, 0.54141609378467559, 0.56090689243546521, 0.57863833001439291, 0.59406727373856949, 0.60666181820849674, 0.61591626330181826, 0.62136738843098649, 0.62261202316488018, 0.61932591421432281, 0.61128388878155804, 0.59838131427364694, 0.58065685437976766, 0.55831652151251021, 0.53175902561300803, 0.5016024193201013, 0.46871203950333701, 0.43422974515997309, 0.39960445167585784, 0.36662396145025949, 0.33744809088466626, 0.31464309373540783, 0.30121738083035954, 0.30065853614941063, 0.31697162926902211, 0.3547188241705207
grasp
probs
0.0, 0.5215686274507692, 0.3647058823529565, 0.3647058823529565, 0.4117647058823529, 0.4117647058823529, 0.35294117647058826, 0.5882352941176471, 0.47058823529411764, 0.23529411764705882, 0.23529411764705882, 0.23529411764705882, 0.23529411764705882, 0.2500000000000088, 0.4852941176470676, 0.4852941176470676, 0.4852941176470676, 0.4852941176470676, 0.4852941176470676, 0.4852941176470676, 0.4852941176470676, 0.4852941176470676, 0.4852941176470676, 0.4852941176470676, 0.4852941176470676, 0.4852941176470676, 0.2500000000000088, 0.2500000000000088, 0.2500000000000088, 0.23529411764705882, 0.23529411764705882, 0.23529411764705882, 0.23529411764705882, 0.23529411764705882
times_polyfit
0.0, 0.1000434207916, 0.2000868415832, 0.3001302623748, 0.4001736831664, 0.500217103958, 0.6002605247496, 0.7003039455412, 0.8003473663328, 0.9003907871244, 1.000434207916, 1.1004776287076, 1.2005210494992, 1.3005644702908001, 1.4006078910824, 1.500651311874, 1.6006947326656, 1.7007381534572001, 1.8007815742488, 1.9008249950404, 2.000868415832, 2.1009118366236, 2.2009552574152, 2.3009986782068, 2.4010420989984, 2.50108551979, 2.6011289405816003, 2.7011723613732, 2.8012157821648, 2.9012592029564, 3.001302623748, 3.1013460445396, 3.2013894653312, 3.3014328861228, 3.4014763069144003, 3.501519727706, 3.6015631484976, 3.7016065692892, 3.8016499900808, 3.9016934108724, 4.001736831664, 4.1017802524556, 4.2018236732472, 4.3018670940388, 4.4019105148304, 4.501953935622, 4.6019973564136, 4.7020407772052, 4.8020841979968, 4.9021276187884, 5.00217103958
prob_polyfit
0.32667931110809578, 0.38078609542599201, 0.41626825211179769, 0.43653760511573803, 0.44466752221281391, 0.44340744387187048, 0.43519743175296643, 0.4221827368330428, 0.40622838715989412, 0.38893379523443861, 0.37164738502128924, 0.3554812385876267, 0.34132576237037004, 0.32986437307165029, 0.32158820318258541, 0.31681082613535017, 0.31568300108355707, 0.31820743731092416, 0.32425357826825663, 0.33357240523871956, 0.34581126063141643, 0.36052869090326556, 0.37720930910917561, 0.39527867708053088, 0.41411820723196169, 0.43308008399643227, 0.45150220488860493, 0.46872314119654857, 0.48409711830169389, 0.49700901562712019, 0.50688938621415092, 0.513229495927222, 0.51559638228707272, 0.51364793293222066, 0.5071479837087628, 0.49598143638843795, 0.48016939601503916, 0.4598843278790673, 0.43546523412074223, 0.40743284996130147, 0.37650485956253965, 0.34361113151473399, 0.309908973952851, 0.27679840930096689, 0.24593746864513932, 0.21925750573443825, 0.19897853061034632, 0.18762456286449913, 0.1880390045246193, 0.20340003256879513, 0.23723601106820713
hammer
probs
0.0, 0.3484162895927602, 0.43529411764705883, 0.43529411764705883, 0.4745098039215686, 0.4745098039215686, 0.41568627450980394, 0.3480392156863738, 0.35924369747920126, 0.19574888779048655, 0.19574888779048655, 0.19574888779048655, 0.1057834898665769, 0.1646070192783416, 0.1646070192783416, 0.1646070192783416, 0.25457241720225127, 0.25457241720225127, 0.34453781512616083, 0.34453781512616083, 0.34453781512616083, 0.34453781512616083, 0.31245225362883466, 0.31245225362883466, 0.31245225362883466, 0.31245225362883466, 0.31245225362883466, 0.31245225362883466, 0.31245225362883466, 0.25362872421706995, 0.25362872421706995, 0.25362872421706995, 0.25362872421706995, 0.25362872421706995
times_polyfit
0.0, 0.1000434207916, 0.2000868415832, 0.3001302623748, 0.4001736831664, 0.500217103958, 0.6002605247496, 0.7003039455412, 0.8003473663328, 0.9003907871244, 1.000434207916, 1.1004776287076, 1.2005210494992, 1.3005644702908001, 1.4006078910824, 1.500651311874, 1.6006947326656, 1.7007381534572001, 1.8007815742488, 1.9008249950404, 2.000868415832, 2.1009118366236, 2.2009552574152, 2.3009986782068, 2.4010420989984, 2.50108551979, 2.6011289405816003, 2.7011723613732, 2.8012157821648, 2.9012592029564, 3.001302623748, 3.1013460445396, 3.2013894653312, 3.3014328861228, 3.4014763069144003, 3.501519727706, 3.6015631484976, 3.7016065692892, 3.8016499900808, 3.9016934108724, 4.001736831664, 4.1017802524556, 4.2018236732472, 4.3018670940388, 4.4019105148304, 4.501953935622, 4.6019973564136, 4.7020407772052, 4.8020841979968, 4.9021276187884, 5.00217103958
prob_polyfit
0.33066776369632572, 0.39511124497613709, 0.44383745105931038, 0.47843818274841732, 0.50049923819958098, 0.51158568028473672, 0.5132281961081242, 0.50691054867701291, 0.49405812072666022, 0.47602755069950126, 0.45409746087857078, 0.4294602776751591, 0.40321514407069831, 0.37636192421288289, 0.34979630016602198, 0.32430596081562174, 0.30056788292720643, 0.27914670435936334, 0.26049418943102726, 0.24494978644299431, 0.23274227735366798, 0.22399251960903771, 0.21871728012689323, 0.21683416143526263, 0.21816761996509632, 0.22245607649716942, 0.22936011876322143, 0.23847179620134201, 0.24932500686555897, 0.26140697648969308, 0.27417082970541568, 0.28704925341456494, 0.29946925231566407, 0.31086799658470804, 0.32070976171015259, 0.32850396048214575, 0.33382426713600649, 0.3363288336499019, 0.33578159819680037, 0.332074685750606, 0.32525190084659122, 0.31553331249597377, 0.30334093125483313, 0.28932547844716078, 0.27439424754219338, 0.25974005768598069, 0.24687129938717639, 0.23764307235704324, 0.23428941550371002, 0.23945662908069915, 0.25623768898955074
