times
0, 0.000254154205322, 0.00056791305542, 0.000874996185303, 0.133686065674, 1.1871380806, 1.1878490448, 1.25275206566, 1.94007611275, 1.94089913368, 2.09053897858, 2.09056186676, 2.09123897552, 2.09221696854, 2.09342288971, 2.2413008213, 2.24224996567, 2.24359583855, 2.39304494858, 2.69168281555, 2.84297180176, 2.84492993355, 3.29398989677, 3.4454908371, 3.44683599472, 3.59686398506, 3.89749598503, 4.04779291153, 4.19808387756, 4.19892501831, 4.19999408722, 4.34906387329, 4.49989891052, 4.65007710457, 4.65123295784, 4.95169305801, 4.95305085182, 4.95341992378, 5.10154485703, 6.00505304337, 6.0061340332, 6.30520582199, 6.30754685402, 6.60671496391, 6.60822796822, 6.75776600838, 6.90969014168, 7.36216592789, 8.41624999046, 8.41736102104, 8.41818785667, 9.01938390732, 9.02035093307, 9.02141785622, 9.47004199028, 9.47123003006, 9.47251915932, 10.07325387, 10.0745019913, 10.0753960609, 10.6775889397, 10.6776590347, 10.6783130169, 10.6799960136, 10.8286960125, 10.9794118404, 10.9814248085, 10.9818170071, 11.5820300579, 11.582942009, 11.5841269493, 12.0327548981, 12.0344378948, 12.4842288494, 12.4851999283, 12.4859218597
start_prob
place
probs
0.0, 0.6509259259259259, 0.7067592592592593, 0.33175925925925925, 0.26694444444444443, 0.18361111111111109, 0.18361111111111109, 0.19075396825396826, 0.33903828197945846, 0.3512605042016807, 0.3441176470588235, 0.18439542483660132, 0.18439542483660132, 0.18439542483660132, 0.17983193277310924, 0.03154761904761905, 0.03154761904761905, 0.03154761904761905, 0.05694444444444444, 0.05694444444444444, 0.09861111111111111, 0.09861111111111111, 0.15416666666666667, 0.1125, 0.12291666666666667, 0.12466104497354498, 0.12466104497354498, 0.11424437830687832, 0.11424437830687832, 0.06331845238095238, 0.05892857142857142, 0.05892857142857142, 0.05892857142857142, 0.10059523809523808, 0.13698412698412699, 0.1881746031746032, 0.16734126984126985, 0.15484126984126984, 0.10722222222222222, 0.06555555555555555, 0.04583333333333334, 0.04583333333333334, 0.04583333333333334, 0.08492063492063491, 0.08492063492063491, 0.1340195105820106, 0.1340195105820106, 0.28726025132275135, 0.28726025132275135, 0.21550099206349208, 0.2396825396825397, 0.448015873015873, 0.535978835978836, 0.522883597883598, 0.3145502645502645, 0.3423280423280423, 0.2265873015873016, 0.1988343253968254, 0.145573455831608, 0.18523119392684614, 0.3292262919660618, 0.21582049486461252, 0.25054271708683473, 0.2064950980392157, 0.0625, 0.0625, 0.0625, 0.05277777777777778, 0.07919146825396826, 0.037524801587301586, 0.027777777777777776, 0.027777777777777776, 0.027777777777777776, 0.027777777777777776, 0.027777777777777776, 0.027777777777777776
times_polyfit
0.0, 0.249718437194, 0.499436874388, 0.749155311582, 0.998873748776, 1.24859218597, 1.498310623164, 1.748029060358, 1.997747497552, 2.2474659347459998, 2.49718437194, 2.746902809134, 2.996621246328, 3.2463396835219998, 3.496058120716, 3.74577655791, 3.995494995104, 4.245213432298, 4.4949318694919995, 4.744650306686, 4.99436874388, 5.244087181074, 5.493805618268, 5.743524055462, 5.993242492656, 6.24296092985, 6.4926793670439995, 6.742397804238, 6.992116241432, 7.241834678626, 7.49155311582, 7.741271553014, 7.990989990208, 8.240708427402, 8.490426864596, 8.74014530179, 8.989863738983999, 9.239582176178, 9.489300613372, 9.739019050566, 9.98873748776, 10.238455924954, 10.488174362148, 10.737892799342, 10.987611236536, 11.23732967373, 11.487048110924, 11.736766548118, 11.986484985312, 12.236203422506, 12.4859218597
prob_polyfit
0.42973395075599896, 0.13040760867231838, 0.074301426239944623, 0.11671536119483905, 0.17805032917416752, 0.22120176699634619, 0.23499997239101811, 0.22247981607072953, 0.19293774102279793, 0.15689304995354814, 0.12321406654676004, 0.097798571212536878, 0.083312688911150623, 0.079593877047196671, 0.084412556952067952, 0.094363984716473226, 0.10572789770602586, 0.11518903360550325, 0.12035753089620904, 0.1200652148825867, 0.11444258337049718, 0.10480266244556447, 0.093372537145375745, 0.082922005747247951, 0.076342191510567758, 0.076225803689126792, 0.084495801929655556, 0.10212121662374152, 0.12894854376235365, 0.16366519812289759, 0.2038987047415084, 0.24644236721928436, 0.28758580407698808, 0.32351772265117162, 0.3507593358059502, 0.36658065102614046, 0.36934920682272576, 0.35876242814559234, 0.33592135377339005, 0.30321578460202758, 0.26400964490803247, 0.22214127076433599, 0.18128717089024704, 0.14428027987809955, 0.11252556971975025, 0.085717838714721495, 0.062139283686093449, 0.039898821065172285, 0.019571775523175461, 0.0088082467240830908, 0.029601911063938502
grasp
probs
0.0, 0.577232142857144, 0.716418650793616, 0.34141865079361594, 0.41284722222219233, 0.33386171497582234, 0.3695760006901019, 0.37495039682537046, 0.37495039682537046, 0.31493055555562105, 0.3052083333333891, 0.13854166666672244, 0.14340277777783597, 0.14340277777783597, 0.1686011904762268, 0.1686011904762268, 0.1686011904762268, 0.1686011904762268, 0.1500452898551308, 0.06671195652179747, 0.061850845410683926, 0.061850845410683926, 0.13110119047624555, 0.13110119047624555, 0.13110119047624555, 0.14765139751567344, 0.23098473084900675, 0.23098473084900675, 0.23098473084900675, 0.1585640959283011, 0.1542162698413377, 0.1542162698413377, 0.1542162698413377, 0.1542162698413377, 0.20243055555560244, 0.25104166666670386, 0.25104166666670386, 0.19270833333337048, 0.19270833333337048, 0.19270833333337048, 0.10729166666667038, 0.11284722222222594, 0.11284722222222594, 0.14895833333335348, 0.14895833333335348, 0.15669642857143704, 0.15669642857143704, 0.2415178571429026, 0.2415178571429026, 0.2043154761904545, 0.23921885783297345, 0.44755219116630673, 0.5234450483091669, 0.5065972222222134, 0.29826388888888, 0.22088293650792515, 0.17956349206343222, 0.14623015873009107, 0.11821083505866353, 0.15957556935817863, 0.2949922360248453, 0.19850759144237537, 0.2213250517597575, 0.18412698412690717, 0.04871031746024049, 0.04871031746024049, 0.04871031746024049, 0.03234126984126932, 0.06537267080746752, 0.0167615596963497, 0.005952380952378486, 0.005952380952378486, 0.005952380952378486, 0.005952380952378486, 0.005952380952378486, 0.005952380952378486
times_polyfit
0.0, 0.249718437194, 0.499436874388, 0.749155311582, 0.998873748776, 1.24859218597, 1.498310623164, 1.748029060358, 1.997747497552, 2.2474659347459998, 2.49718437194, 2.746902809134, 2.996621246328, 3.2463396835219998, 3.496058120716, 3.74577655791, 3.995494995104, 4.245213432298, 4.4949318694919995, 4.744650306686, 4.99436874388, 5.244087181074, 5.493805618268, 5.743524055462, 5.993242492656, 6.24296092985, 6.4926793670439995, 6.742397804238, 6.992116241432, 7.241834678626, 7.49155311582, 7.741271553014, 7.990989990208, 8.240708427402, 8.490426864596, 8.74014530179, 8.989863738983999, 9.239582176178, 9.489300613372, 9.739019050566, 9.98873748776, 10.238455924954, 10.488174362148, 10.737892799342, 10.987611236536, 11.23732967373, 11.487048110924, 11.736766548118, 11.986484985312, 12.236203422506, 12.4859218597
prob_polyfit
0.4183954753800227, 0.3407821414110872, 0.3565641479258026, 0.38802627677528162, 0.39961515314423407, 0.38162465336209, 0.33854024330152005, 0.28106489680838681, 0.22099381122729084, 0.168236075350989, 0.12939937606279511, 0.10745937559176472, 0.10212917369410629, 0.1106269102434187, 0.12861168569030207, 0.15112020167253654, 0.17338947374981067, 0.19149526484136409, 0.20277215348653804, 0.20601000756447879, 0.20144370363408587, 0.19056883661575202, 0.17582652617604738, 0.16020586691142386, 0.14681371131073634, 0.13845893953454252, 0.13729278027882857, 0.14453872452510991, 0.16033574070534312, 0.18370747789347502, 0.21265855504459802, 0.24438750104474488, 0.27559505459945649, 0.3028569764099806, 0.32302289145435731, 0.33359758743724294, 0.33305926990581008, 0.32107113594693265, 0.29854889982479355, 0.26755820684198456, 0.23103282809234388, 0.19232776137594415, 0.15465149318246846, 0.12045932686827315, 0.090935473176689763, 0.065746155430553566, 0.04330992181976695, 0.021905307928137441, 0.002020570315498682, -0.0095539559857150125, 0.006717380766315395
cut
probs
0.0, 0.6254965867466931, 0.5483445720945719, 0.26959457209459287, 0.24459457209456784, 0.17408175158174732, 0.24575757575743132, 0.26242424242409795, 0.24916666666652065, 0.16583333333331232, 0.14916666666664566, 0.005833333333333333, 0.005833333333333333, 0.005833333333333333, 0.005833333333333333, 0.005833333333333333, 0.005833333333333333, 0.005833333333333333, 0.02753663003663004, 0.060869963369913356, 0.060869963369913356, 0.060869963369913356, 0.06801282051277051, 0.06801282051277051, 0.06801282051277051, 0.20166666666661667, 0.16833333333333333, 0.18500000000000003, 0.16833333333333333, 0.1088095238095238, 0.1088095238095238, 0.12206709956710111, 0.12206709956710111, 0.12206709956710111, 0.1687703962703717, 0.19761655011652549, 0.15388944388932047, 0.1500432900431666, 0.11097446413223605, 0.11097446413223605, 0.19636823702613207, 0.1976165501165498, 0.2142832167832165, 0.2723647186147303, 0.25569805194806355, 0.2681293706294126, 0.2681293706294126, 0.022937062937064503, 0.022937062937064503, 0.030949883449883166, 0.07261655011654984, 0.2080332167832165, 0.24763944388954615, 0.2437932900433923, 0.10837662337672564, 0.10837662337672564, 0.2782484182484584, 0.23658175158179176, 0.34659090909091067, 0.3908554165133134, 0.5527872346950831, 0.40164191449803366, 0.43048806834420583, 0.3900697147679569, 0.23280743681606608, 0.23280743681606608, 0.23280743681606608, 0.21916274817135914, 0.22611040577691022, 0.20257623879447426, 0.18459378265412277, 0.16666666666666666, 0.16666666666666666, 0.16666666666666666, 0.16666666666666666, 0.16666666666666666
times_polyfit
0.0, 0.249718437194, 0.499436874388, 0.749155311582, 0.998873748776, 1.24859218597, 1.498310623164, 1.748029060358, 1.997747497552, 2.2474659347459998, 2.49718437194, 2.746902809134, 2.996621246328, 3.2463396835219998, 3.496058120716, 3.74577655791, 3.995494995104, 4.245213432298, 4.4949318694919995, 4.744650306686, 4.99436874388, 5.244087181074, 5.493805618268, 5.743524055462, 5.993242492656, 6.24296092985, 6.4926793670439995, 6.742397804238, 6.992116241432, 7.241834678626, 7.49155311582, 7.741271553014, 7.990989990208, 8.240708427402, 8.490426864596, 8.74014530179, 8.989863738983999, 9.239582176178, 9.489300613372, 9.739019050566, 9.98873748776, 10.238455924954, 10.488174362148, 10.737892799342, 10.987611236536, 11.23732967373, 11.487048110924, 11.736766548118, 11.986484985312, 12.236203422506, 12.4859218597
prob_polyfit
0.33727725478356901, 0.3812736455110351, 0.35814460291431782, 0.30569519421209451, 0.24587453987105967, 0.19022333123775753, 0.14381527336103289, 0.10801073607161266, 0.082292988899485608, 0.065414055497571677, 0.056038243192267967, 0.053036575388614893, 0.055554471110674408, 0.062947869246833099, 0.074659377386197934, 0.090085728765998907, 0.10847064809285417, 0.12884295014157382, 0.15000811636769212, 0.17059250658047082, 0.18913255730727602, 0.20419658812533542, 0.21452397423234643, 0.21916524017132827, 0.21760687819733598, 0.20986618757257808, 0.19654396039468286, 0.17882619767943925, 0.15843001863626399, 0.13749331868331566, 0.11841233003053359, 0.10363583490638045, 0.095429168013050625, 0.095625113878478107, 0.10538214862574452, 0.12497298678310004, 0.15362786413341906, 0.18945720985207287, 0.22947712727677266, 0.2697582051679806, 0.30571341240437838, 0.33253398080045332, 0.34577304615885868, 0.34206518780380107, 0.31995567560749222, 0.28079599127238747, 0.22964183203788774, 0.17606611951804246, 0.13477231904434578, 0.1258624161259701, 0.17457898973464153
trans_prob
place
probs
0.0, 0.5787037037037037, 0.7314814814814815, 0.7314814814814815, 0.75, 0.75, 0.5416666666666666, 0.5416666666666666, 0.5416666666666666, 0.5416666666666666, 0.4583333333333333, 0.2916666666666667, 0.2916666666666667, 0.2916666666666667, 0.2916666666666667, 0.08333333333333333, 0.08333333333333333, 0.08333333333333333, 0.08333333333333333, 0.0, 0.041666666666666664, 0.041666666666666664, 0.041666666666666664, 0.0, 0.010416666666666666, 0.010416666666666666, 0.010416666666666666, 0.0, 0.0, 0.0, 0.027777777777777776, 0.027777777777777776, 0.027777777777777776, 0.06944444444444443, 0.06944444444444443, 0.125, 0.125, 0.06944444444444443, 0.125, 0.08333333333333333, 0.08333333333333333, 0.0, 0.0, 0.0, 0.0, 0.0, 0.0, 0.16666666666666666, 0.16666666666666666, 0.16666666666666666, 0.16666666666666666, 0.16666666666666666, 0.16666666666666666, 0.25, 0.25, 0.3333333333333333, 0.3333333333333333, 0.3333333333333333, 0.5, 0.5, 0.7083333333333334, 0.7083333333333334, 0.7083333333333334, 0.625, 0.625, 0.625, 0.625, 0.625, 0.625, 0.625, 0.625, 0.625, 0.625, 0.625, 0.625, 0.625
times_polyfit
0.0, 0.249718437194, 0.499436874388, 0.749155311582, 0.998873748776, 1.24859218597, 1.498310623164, 1.748029060358, 1.997747497552, 2.2474659347459998, 2.49718437194, 2.746902809134, 2.996621246328, 3.2463396835219998, 3.496058120716, 3.74577655791, 3.995494995104, 4.245213432298, 4.4949318694919995, 4.744650306686, 4.99436874388, 5.244087181074, 5.493805618268, 5.743524055462, 5.993242492656, 6.24296092985, 6.4926793670439995, 6.742397804238, 6.992116241432, 7.241834678626, 7.49155311582, 7.741271553014, 7.990989990208, 8.240708427402, 8.490426864596, 8.74014530179, 8.989863738983999, 9.239582176178, 9.489300613372, 9.739019050566, 9.98873748776, 10.238455924954, 10.488174362148, 10.737892799342, 10.987611236536, 11.23732967373, 11.487048110924, 11.736766548118, 11.986484985312, 12.236203422506, 12.4859218597
prob_polyfit
0.53397833976815168, 0.6718622388611436, 0.75975517473161258, 0.78376682834777178, 0.74817465689854412, 0.66674708909685265, 0.55676671584111825, 0.4351576097388421, 0.31621303370732479, 0.21050280947371935, 0.12461395118273755, 0.061444267368257588, 0.020826936138112373, 0.00031500344183288398, -0.0040012173769472525, 0.0032666849830986777, 0.017451525685081126, 0.034330266888712657, 0.05046592041171305, 0.06339637534302156, 0.071686681772049621, 0.074869250028467782, 0.073300955432795245, 0.067967711420960253, 0.060266128904275185, 0.051788856763144153, 0.044135537293013893, 0.038765451152932506, 0.03690130876010933, 0.039486709020336797, 0.047192971677146645, 0.060464796260276898, 0.079588948563741546, 0.10476636452461641, 0.13616613141013723, 0.17394019699121976, 0.21818080899460846, 0.26880903923238186, 0.32539273957162784, 0.38690634996054296, 0.4514635719126181, 0.51607747464885012, 0.57653155426797742, 0.62748005999163858, 0.66293697467369039, 0.6773608298266014, 0.66759748735406443, 0.63600557317756223, 0.59515983802162697, 0.57460679199702813, 0.63023494845337158
grasp
probs
0.0, 0.5208791208790766, 0.8702380952380454, 0.8702380952380454, 0.9416666666666217, 0.9416666666666217, 0.8490740740738053, 0.8490740740738053, 0.8490740740738053, 0.7749999999999551, 0.6916666666666217, 0.31666666666662163, 0.31666666666662163, 0.31666666666662163, 0.31666666666662163, 0.10833333333328833, 0.10833333333328833, 0.08333333333333333, 0.08333333333333333, 0.0, 0.0, 0.0, 0.0, 0.0, 0.0, 0.0, 0.0, 0.0, 0.0, 0.0, 0.08333333333333333, 0.08333333333333333, 0.08333333333333333, 0.08333333333333333, 0.138888888889, 0.138888888889, 0.138888888889, 0.055555555555666665, 0.055555555555666665, 0.055555555555666665, 0.02777777777777778, 0.02777777777777778, 0.02777777777777778, 0.02777777777777778, 0.02777777777777778, 0.02777777777777778, 0.02777777777777778, 0.0, 0.0, 0.0, 0.0, 0.0, 0.0, 0.08333333333333333, 0.08333333333333333, 0.10714285714288946, 0.10714285714288946, 0.10714285714288946, 0.27380952380955614, 0.27380952380955614, 0.48214285714288946, 0.48214285714288946, 0.48214285714288946, 0.39880952380955614, 0.39880952380955614, 0.39880952380955614, 0.39880952380955614, 0.39880952380955614, 0.39880952380955614, 0.39880952380955614, 0.39880952380955614, 0.39880952380955614, 0.39880952380955614, 0.48214285714288946, 0.48214285714288946, 0.48214285714288946
times_polyfit
0.0, 0.249718437194, 0.499436874388, 0.749155311582, 0.998873748776, 1.24859218597, 1.498310623164, 1.748029060358, 1.997747497552, 2.2474659347459998, 2.49718437194, 2.746902809134, 2.996621246328, 3.2463396835219998, 3.496058120716, 3.74577655791, 3.995494995104, 4.245213432298, 4.4949318694919995, 4.744650306686, 4.99436874388, 5.244087181074, 5.493805618268, 5.743524055462, 5.993242492656, 6.24296092985, 6.4926793670439995, 6.742397804238, 6.992116241432, 7.241834678626, 7.49155311582, 7.741271553014, 7.990989990208, 8.240708427402, 8.490426864596, 8.74014530179, 8.989863738983999, 9.239582176178, 9.489300613372, 9.739019050566, 9.98873748776, 10.238455924954, 10.488174362148, 10.737892799342, 10.987611236536, 11.23732967373, 11.487048110924, 11.736766548118, 11.986484985312, 12.236203422506, 12.4859218597
prob_polyfit
0.59312445037284478, 0.90292141982654883, 1.0800079054143981, 1.1303289304510076, 1.0770275009581682, 0.95048494365989278, 0.78166994346106833, 0.59804148994489603, 0.42137006400896704, 0.26694856033590408, 0.14376023206439292, 0.055255943892384973, 0.00046781200852441529, -0.024748523186860272, -0.026494619542048792, -0.011736911092278479, 0.012594490607348074, 0.040284204030311965, 0.066281317486706737, 0.086934249688553233, 0.10003864180416455, 0.10473535418783042, 0.10130042674943462, 0.090869854124312699, 0.075139808533679631, 0.056078097583525111, 0.035675754322037623, 0.0157593058148362, -0.0021249626616213213, -0.016752954817202959, -0.027198364900514971, -0.032757741311294719, -0.032847730328826596, -0.026902091006570483, -0.014298324568835508, 0.0056571895067052402, 0.033661396688677403, 0.07024906354380045, 0.11552858160542678, 0.16883769033367679, 0.22836344682378718, 0.29080318811581884, 0.35118293575738813, 0.40299726442035366, 0.43889067984253005, 0.45216561043930215, 0.4394767922632643, 0.40515670459941378, 0.36771237483267827, 0.36914089846850873, 0.48782999891771839
cut
probs
0.0, 0.650000000000025, 0.7055555555557911, 0.43706179441508647, 0.41206179441506147, 0.41206179441506147, 0.3712121212120007, 0.31238859180020834, 0.48284313725474926, 0.39950980392154095, 0.375, 0.2769607843138362, 0.2769607843138362, 0.2769607843138362, 0.2769607843138362, 0.06862745098050288, 0.06862745098050288, 0.06862745098050288, 0.06862745098050288, 0.1019607843137862, 0.1019607843137862, 0.1019607843137862, 0.1019607843137862, 0.1019607843137862, 0.1019607843137862, 0.1019607843137862, 0.06862745098050288, 0.08529411764716954, 0.06862745098050288, 0.06862745098050288, 0.06862745098050288, 0.06862745098050288, 0.06862745098050288, 0.06862745098050288, 0.1519607843137112, 0.23529411764704455, 0.23529411764704455, 0.179738562091489, 0.23529411764704455, 0.23529411764704455, 0.3186274509805029, 0.23529411764716954, 0.25196078431383623, 0.25196078431383623, 0.23529411764716954, 0.23529411764716954, 0.23529411764716954, 0.06862745098050288, 0.06862745098050288, 0.2769607843138362, 0.2769607843138362, 0.2769607843138362, 0.06862745098050288, 0.15196078431383622, 0.15196078431383622, 0.15196078431383622, 0.3186274509805029, 0.3186274509805029, 0.4166666666666667, 0.4166666666666667, 0.625, 0.625, 0.625, 0.5416666666666666, 0.5416666666666666, 0.5416666666666666, 0.5416666666666666, 0.625, 0.5416666666666666, 0.5416666666666666, 0.625, 0.45833333333343335, 0.45833333333343335, 0.3750000000001, 0.3750000000001, 0.3750000000001
times_polyfit
0.0, 0.249718437194, 0.499436874388, 0.749155311582, 0.998873748776, 1.24859218597, 1.498310623164, 1.748029060358, 1.997747497552, 2.2474659347459998, 2.49718437194, 2.746902809134, 2.996621246328, 3.2463396835219998, 3.496058120716, 3.74577655791, 3.995494995104, 4.245213432298, 4.4949318694919995, 4.744650306686, 4.99436874388, 5.244087181074, 5.493805618268, 5.743524055462, 5.993242492656, 6.24296092985, 6.4926793670439995, 6.742397804238, 6.992116241432, 7.241834678626, 7.49155311582, 7.741271553014, 7.990989990208, 8.240708427402, 8.490426864596, 8.74014530179, 8.989863738983999, 9.239582176178, 9.489300613372, 9.739019050566, 9.98873748776, 10.238455924954, 10.488174362148, 10.737892799342, 10.987611236536, 11.23732967373, 11.487048110924, 11.736766548118, 11.986484985312, 12.236203422506, 12.4859218597
prob_polyfit
0.45536564623908632, 0.33650588003726406, 0.33259305165444775, 0.36540401053393196, 0.39302235997434404, 0.39742024478624299, 0.37528393388959841, 0.33143711361018929, 0.27430998497361953, 0.21298739109534864, 0.15544572053388889, 0.10765667092278536, 0.073296546034563426, 0.053853030367899513, 0.048967770096535246, 0.05689301948686204, 0.074974519389100769, 0.1001010908455458, 0.12908458395077332, 0.15895225154709852, 0.18714775086338659, 0.21164724550538555, 0.2310039170047769, 0.2443380311293431, 0.2512909710618661, 0.2519607790975385, 0.24683417235799215, 0.23672614793963792, 0.22273360057028807, 0.20620427296131499, 0.18871727734984184, 0.17206679790499863, 0.1582368394299461, 0.14935245987743923, 0.14759224430549583, 0.15504827768042301, 0.17352398520187379, 0.20426736321311495, 0.24764775305408243, 0.3027988459258269, 0.36726948100841789, 0.43674744318413389, 0.50495031231883347, 0.56381189548201549, 0.60413331745840582, 0.61691488652397775, 0.59563882134669344, 0.53983425550329622, 0.46032505791276229, 0.38663835221114923, 0.37713762003273082
