times
0, 0.000112056732178, 0.000128030776978, 0.000259876251221, 0.01154088974, 1.51908707619, 1.51937794685, 1.51951909065, 1.97048711777, 1.97077393532, 1.97088503838, 1.97112607956, 2.27234792709, 2.87254405022, 2.87280201912, 2.87291908264, 3.77573609352, 3.77608203888, 3.77629208565, 4.07601594925, 4.07639789581, 4.07664895058, 4.82962989807, 5.12965893745, 5.13004589081, 5.13010597229, 5.7322371006, 5.73250794411, 5.732681036, 6.63511109352, 6.63538694382, 6.63552594185, 7.69257998466, 7.69279289246, 7.69289207458, 7.84362792969, 8.59656310081, 8.59678792953, 8.59688997269
start_prob
pour_water
probs
0.0, 0.22528320802010823, 0.2039498746867749, 0.04447619047629048, 0.04447619047629048, 0.014000000000000002, 0.1686666666666667, 0.16814035087719847, 0.23480701754386513, 0.12080701754390712, 0.12080701754390712, 0.15242606516291274, 0.08575939849624607, 0.25078195488743354, 0.19376441102754646, 0.2456691729323084, 0.2988270676691365, 0.1611779448621469, 0.1354135338345725, 0.08225563909774435, 0.10425563909774435, 0.10425563909774435, 0.04814035087719846, 0.10668671679198541, 0.14602005012552877, 0.16794987468693226, 0.1174486215541002, 0.17944862155389021, 0.13333333333333333, 0.2, 0.232, 0.26057142857142856, 0.19390476190476189, 0.028571428571428567, 0.0, 0.0, 0.0, 0.0, 0.0
times_polyfit
0.0, 0.1719377994538, 0.3438755989076, 0.5158133983613999, 0.6877511978152, 0.859688997269, 1.0316267967227999, 1.2035645961766, 1.3755023956304, 1.5474401950842, 1.719377994538, 1.8913157939918, 2.0632535934455998, 2.2351913928994, 2.4071291923532, 2.579066991807, 2.7510047912608, 2.9229425907146, 3.0948803901684, 3.2668181896222, 3.438755989076, 3.6106937885298, 3.7826315879836, 3.9545693874374, 4.1265071868911996, 4.298444986345, 4.4703827857988, 4.6423205852526, 4.8142583847064, 4.9861961841602, 5.158133983614, 5.3300717830678, 5.5020095825216, 5.6739473819754, 5.8458851814292, 6.017822980883, 6.1897607803368, 6.3616985797906, 6.5336363792444, 6.7055741786982, 6.877511978152, 7.0494497776058, 7.2213875770596, 7.3933253765134, 7.5652631759672, 7.737200975421, 7.9091387748748, 8.0810765743286, 8.253014373782399, 8.4249521732362, 8.59688997269
prob_polyfit
0.10661479573931278, 0.0019992427710083804, -0.056338752280440121, -0.079450499009582745, -0.076728506322872522, -0.056055753201085898, -0.023948711603997017, 0.014305878482697612, 0.054520481858197148, 0.093482488775164532, 0.12883618346603976, 0.15897096052710158, 0.18291578916027362, 0.20023992527268375, 0.21095987143395389, 0.21545258469126549, 0.21437493224213544, 0.2085893949649732, 0.19909601880736105, 0.1869706140320947, 0.17330920232096514, 0.15917871173627474, 0.14557391954014209, 0.13338064287149509, 0.12334517728085949, 0.11604998312287464, 0.11189561980652808, 0.11108892790323045, 0.11363745911247548, 0.11935015408548079, 0.12784426810628446, 0.13855854463083939, 0.15077263668378171, 0.16363277611278593, 0.17618369070100182, 0.18740676913684029, 0.19626447384185453, 0.20175100165612359, 0.20294919238153286, 0.19909368518277459, 0.18964032284599475, 0.17434180389519371, 0.15332958256670148, 0.12720201664078934, 0.097118763131747735, 0.06490142183510951, 0.033140426732563136, 0.0053081852557822634, -0.014121534593780502, -0.019547969265991547, -0.0041114768260971241
grasp_top
probs
0.0, 0.5778471432781984, 0.7804967159277711, 0.5804967159277711, 0.5804967159277711, 0.57763041556145, 0.5347814127124473, 0.4827667606977538, 0.5345000940310871, 0.39632345585444895, 0.39632345585444895, 0.35610062313165547, 0.3043672897983222, 0.24275862068965517, 0.3822458001768346, 0.38532272325375777, 0.4519893899204244, 0.31250221043324494, 0.28964506757610003, 0.22297840090943336, 0.22297840090943336, 0.22297840090943336, 0.21990147783251027, 0.2560919540229885, 0.2960919540229885, 0.27631173424276667, 0.2960919540229885, 0.35016602809706254, 0.32657628450731896, 0.37830961784065226, 0.2909022104332449, 0.3144919540229885, 0.26275862068965516, 0.24275862068965517, 0.2160919540229885, 0.2160919540229885, 0.2160919540229885, 0.2160919540229885, 0.2160919540229885
times_polyfit
0.0, 0.1719377994538, 0.3438755989076, 0.5158133983613999, 0.6877511978152, 0.859688997269, 1.0316267967227999, 1.2035645961766, 1.3755023956304, 1.5474401950842, 1.719377994538, 1.8913157939918, 2.0632535934455998, 2.2351913928994, 2.4071291923532, 2.579066991807, 2.7510047912608, 2.9229425907146, 3.0948803901684, 3.2668181896222, 3.438755989076, 3.6106937885298, 3.7826315879836, 3.9545693874374, 4.1265071868911996, 4.298444986345, 4.4703827857988, 4.6423205852526, 4.8142583847064, 4.9861961841602, 5.158133983614, 5.3300717830678, 5.5020095825216, 5.6739473819754, 5.8458851814292, 6.017822980883, 6.1897607803368, 6.3616985797906, 6.5336363792444, 6.7055741786982, 6.877511978152, 7.0494497776058, 7.2213875770596, 7.3933253765134, 7.5652631759672, 7.737200975421, 7.9091387748748, 8.0810765743286, 8.253014373782399, 8.4249521732362, 8.59688997269
prob_polyfit
0.50404688693217448, 0.53607612353915945, 0.55670313243933212, 0.56743860761942611, 0.56971233273236854, 0.56487053413428945, 0.55417365601734081, 0.53879455763832529, 0.51981713264313512, 0.49823535048699924, 0.47495271995054217, 0.45078217475165128, 0.42644638125315348, 0.40257846826630328, 0.37972317895007768, 0.35833844480628463, 0.33879738177047769, 0.32139070839868111, 0.30632958614992711, 0.29374888176459957, 0.28371085173858857, 0.27620924889325682, 0.27117385104121239, 0.2684754117478908, 0.26793103318895228, 0.26930996110348215, 0.27233980184300799, 0.2767131615163122, 0.2820947072300789, 0.28812865042532343, 0.29444665230965061, 0.30067615138531611, 0.30644911307309053, 0.31141120143195111, 0.31523137297456538, 0.31761189257858902, 0.31829877149378583, 0.31709262744493671, 0.3138599668305696, 0.30854488901750743, 0.3011812127312109, 0.29190502454193978, 0.28096764944670938, 0.26874904354708395, 0.25577160882275451, 0.24271443000093951, 0.23042793352159474, 0.21994896859841695, 0.21251631037569207, 0.20958658518090545, 0.21285061787320514
place_top
probs
0.0, 0.46065003131263677, 0.5092382666067143, 0.30923826660671433, 0.30923826660671433, 0.28433378317602925, 0.3201377047447001, 0.298601642366499, 0.34193497569983233, 0.3094643874645198, 0.3094643874645198, 0.2910243003184556, 0.24769096698512227, 0.3282051282052702, 0.47095022624448657, 0.4040028578234096, 0.47066952449007626, 0.3279244264508599, 0.36464957264969267, 0.29798290598302596, 0.30353846153858316, 0.30353846153858316, 0.2646768630980133, 0.29600285782346714, 0.5492577597842508, 0.5219985005248866, 0.5948717948719369, 0.4314208144797734, 0.3496586312438697, 0.39299196457720303, 0.29918804300858287, 0.3347280040222999, 0.2913946706889666, 0.2819829059830835, 0.19487179487193687, 0.19487179487193687, 0.19487179487193687, 0.19487179487193687, 0.19487179487193687
times_polyfit
0.0, 0.1719377994538, 0.3438755989076, 0.5158133983613999, 0.6877511978152, 0.859688997269, 1.0316267967227999, 1.2035645961766, 1.3755023956304, 1.5474401950842, 1.719377994538, 1.8913157939918, 2.0632535934455998, 2.2351913928994, 2.4071291923532, 2.579066991807, 2.7510047912608, 2.9229425907146, 3.0948803901684, 3.2668181896222, 3.438755989076, 3.6106937885298, 3.7826315879836, 3.9545693874374, 4.1265071868911996, 4.298444986345, 4.4703827857988, 4.6423205852526, 4.8142583847064, 4.9861961841602, 5.158133983614, 5.3300717830678, 5.5020095825216, 5.6739473819754, 5.8458851814292, 6.017822980883, 6.1897607803368, 6.3616985797906, 6.5336363792444, 6.7055741786982, 6.877511978152, 7.0494497776058, 7.2213875770596, 7.3933253765134, 7.5652631759672, 7.737200975421, 7.9091387748748, 8.0810765743286, 8.253014373782399, 8.4249521732362, 8.59688997269
prob_polyfit
0.31849316302231984, 0.27460175915261703, 0.24900775151100246, 0.23731315510177248, 0.23581855945709926, 0.24145533813225323, 0.25172091722479767, 0.26461710291775603, 0.27859146804675, 0.29248179769111143, 0.30546359378896498, 0.31700063877628298, 0.32679861824991413, 0.33476180265458194, 0.34095278799385603, 0.34555529556509629, 0.34884003071836905, 0.35113360063933513, 0.35279049115610944, 0.35416810257009163, 0.35560484451077784, 0.35740128981451696, 0.35980438742729343, 0.36299473433141088, 0.36707690649620656, 0.37207284885272079, 0.37791832429230504, 0.38446242168927253, 0.39147012294744093, 0.39862792907070871, 0.40555254525757217, 0.41180262501961834, 0.41689357332403093, 0.4203154087599506, 0.42155368472898275, 0.42011346965953417, 0.41554638624514678, 0.40748070970689959, 0.39565452507966153, 0.37995194352235556, 0.3604423776522539, 0.33742287590308268, 0.31146351590743754, 0.2834558569027133, 0.25466445116135855, 0.22678141444489569, 0.20198405548218418, 0.18299556447117343, 0.17314876060532974, 0.17645289862320818, 0.1976635343827034
place
probs
0.0, 0.3333333333333333, 0.3333333333333333, 0.13396396396396457, 0.13396396396396457, 0.14366093366093427, 0.2303276003276009, 0.2206306306306312, 0.26333333333333336, 0.21222222222222223, 0.21222222222222223, 0.3116666666666738, 0.2689639639639717, 0.37685440685441646, 0.37685440685441646, 0.3594185094184593, 0.4254545454544948, 0.29212121212116143, 0.2, 0.13396396396396457, 0.14285285285285346, 0.14285285285285346, 0.2002887502887599, 0.2751877401877015, 0.4657432957432547, 0.4895195195194694, 0.492409962409972, 0.33018774018774977, 0.2206306306306312, 0.26333333333333336, 0.17666666666666667, 0.25303030303030305, 0.21032760032760092, 0.21032760032760092, 0.13396396396396457, 0.13333333333333333, 0.13333333333333333, 0.13333333333333333, 0.13333333333333333
times_polyfit
0.0, 0.1719377994538, 0.3438755989076, 0.5158133983613999, 0.6877511978152, 0.859688997269, 1.0316267967227999, 1.2035645961766, 1.3755023956304, 1.5474401950842, 1.719377994538, 1.8913157939918, 2.0632535934455998, 2.2351913928994, 2.4071291923532, 2.579066991807, 2.7510047912608, 2.9229425907146, 3.0948803901684, 3.2668181896222, 3.438755989076, 3.6106937885298, 3.7826315879836, 3.9545693874374, 4.1265071868911996, 4.298444986345, 4.4703827857988, 4.6423205852526, 4.8142583847064, 4.9861961841602, 5.158133983614, 5.3300717830678, 5.5020095825216, 5.6739473819754, 5.8458851814292, 6.017822980883, 6.1897607803368, 6.3616985797906, 6.5336363792444, 6.7055741786982, 6.877511978152, 7.0494497776058, 7.2213875770596, 7.3933253765134, 7.5652631759672, 7.737200975421, 7.9091387748748, 8.0810765743286, 8.253014373782399, 8.4249521732362, 8.59688997269
prob_polyfit
0.1876279699747512, 0.11850605586277126, 0.08163081512080532, 0.06912844042233568, 0.074344468137250791, 0.091729822204931116, 0.11673182092869364, 0.14569014669159622, 0.1757377785935991, 0.20470688801008666, 0.23103969707174812, 0.25370430006581401, 0.27211544775865759, 0.28606029463974836, 0.29562910908696982, 0.30115094645329021, 0.30313428507479867, 0.30221262520009806, 0.29909505084104904, 0.29452175454489171, 0.28922452508770347, 0.28389219808922084, 0.27914106954904772, 0.27549027230417789, 0.27334211540790943, 0.27296738643010743, 0.27449561667881328, 0.27791030934325756, 0.28304913055813552, 0.28960906338939063, 0.29715652474119558, 0.30514244518439915, 0.31292231170632112, 0.31978117338183543, 0.32496360996592832, 0.32770866340747506, 0.32728973228446367, 0.32305942916065833, 0.31449940086340122, 0.30127511168301213, 0.28329558949323896, 0.26077813479347611, 0.23431799267213552, 0.20496298769110413, 0.17429312169214087, 0.14450513452412353, 0.11850202769178522, 0.099987550926164764, 0.093565651675890954, 0.10484488751998014, 0.1405478015023878
grasp
probs
0.0, 0.5511657465342512, 0.4691594769417271, 0.2835184513007139, 0.2835184513007139, 0.2915184513007235, 0.38035455772293836, 0.3071280131005247, 0.3513587823312927, 0.23107440004693752, 0.23107440004693752, 0.20795311858239354, 0.16372234935162558, 0.16140350877191653, 0.2995853269537387, 0.2995853269537387, 0.3518930192614185, 0.2137112010795964, 0.21487062136945348, 0.1625629290617736, 0.17175833136062132, 0.17175833136062132, 0.17825108498379702, 0.16140350877191653, 0.16140350877191653, 0.16372234935162558, 0.16140350877191653, 0.28217273954111627, 0.28217273954111627, 0.3264035087718842, 0.24442215679068233, 0.27108882345734897, 0.226858054226581, 0.1880701754385832, 0.16140350877191653, 0.16140350877191653, 0.16140350877191653, 0.16140350877191653, 0.16140350877191653
times_polyfit
0.0, 0.1719377994538, 0.3438755989076, 0.5158133983613999, 0.6877511978152, 0.859688997269, 1.0316267967227999, 1.2035645961766, 1.3755023956304, 1.5474401950842, 1.719377994538, 1.8913157939918, 2.0632535934455998, 2.2351913928994, 2.4071291923532, 2.579066991807, 2.7510047912608, 2.9229425907146, 3.0948803901684, 3.2668181896222, 3.438755989076, 3.6106937885298, 3.7826315879836, 3.9545693874374, 4.1265071868911996, 4.298444986345, 4.4703827857988, 4.6423205852526, 4.8142583847064, 4.9861961841602, 5.158133983614, 5.3300717830678, 5.5020095825216, 5.6739473819754, 5.8458851814292, 6.017822980883, 6.1897607803368, 6.3616985797906, 6.5336363792444, 6.7055741786982, 6.877511978152, 7.0494497776058, 7.2213875770596, 7.3933253765134, 7.5652631759672, 7.737200975421, 7.9091387748748, 8.0810765743286, 8.253014373782399, 8.4249521732362, 8.59688997269
prob_polyfit
0.31919600984437541, 0.29887920942921753, 0.28725457184741499, 0.28179712384409961, 0.28041928457717147, 0.28142763671832105, 0.28348162040020752, 0.28555415000979123, 0.28689415382782224, 0.28699103651448388, 0.28554106444119176, 0.28241567386854749, 0.27763170197044873, 0.27132354070435261, 0.26371721352769728, 0.25510637496047617, 0.24583023299396789, 0.23625339434562326, 0.22674763256010555, 0.21767557895648798, 0.20937633642160364, 0.20215301604955277, 0.19626219662736227, 0.19190530696681379, 0.18922193108239854, 0.1882850362154655, 0.18909812370448237, 0.19159430270149852, 0.19563728673471753, 0.20102431311726005, 0.20749098520205672, 0.21471803748291357, 0.22234002354174981, 0.22995592684190086, 0.23714169436774118, 0.24346469311026392, 0.24850008939899365, 0.25184915107994693, 0.25315947253976262, 0.25214712257606214, 0.24862071511379941, 0.24250740276799371, 0.23388079325245698, 0.2229907886346128, 0.21029534743678485, 0.19649416958323301, 0.1825643041936314, 0.16979768022257563, 0.15984055994538987, 0.15473491528984035, 0.15696172701415972
trans_prob
pour_water
probs
0.0, 0.38095238095258094, 0.38095238095258094, 0.3423558897244709, 0.3423558897244709, 0.3280701754385566, 0.3280701754385566, 0.2947368421052233, 0.3333333333333333, 0.31014492753625306, 0.31014492753625306, 0.3291925465838721, 0.2625258799172054, 0.24347826086958638, 0.43333333333403334, 0.5666666666673666, 0.6333333333340333, 0.4666666666666667, 0.3333333333333333, 0.3333333333333333, 0.3333333333333333, 0.3333333333333333, 0.4666666666666667, 0.4666666666666667, 0.4666666666666667, 0.3333333333333333, 0.3333333333333333, 0.3333333333333333, 0.3454545454545547, 0.3454545454545547, 0.32226613965747447, 0.31014492753625306, 0.24347826086958638, 0.26666666666666666, 0.26666666666666666, 0.3333333333333333, 0.3333333333333333, 0.3333333333333333, 0.3333333333333333
times_polyfit
0.0, 0.1719377994538, 0.3438755989076, 0.5158133983613999, 0.6877511978152, 0.859688997269, 1.0316267967227999, 1.2035645961766, 1.3755023956304, 1.5474401950842, 1.719377994538, 1.8913157939918, 2.0632535934455998, 2.2351913928994, 2.4071291923532, 2.579066991807, 2.7510047912608, 2.9229425907146, 3.0948803901684, 3.2668181896222, 3.438755989076, 3.6106937885298, 3.7826315879836, 3.9545693874374, 4.1265071868911996, 4.298444986345, 4.4703827857988, 4.6423205852526, 4.8142583847064, 4.9861961841602, 5.158133983614, 5.3300717830678, 5.5020095825216, 5.6739473819754, 5.8458851814292, 6.017822980883, 6.1897607803368, 6.3616985797906, 6.5336363792444, 6.7055741786982, 6.877511978152, 7.0494497776058, 7.2213875770596, 7.3933253765134, 7.5652631759672, 7.737200975421, 7.9091387748748, 8.0810765743286, 8.253014373782399, 8.4249521732362, 8.59688997269
prob_polyfit
0.2896243386763967, 0.28228319565520948, 0.27757667485909426, 0.27537424688479067, 0.27551362392069267, 0.27780578316113808, 0.28203976444730089, 0.28798724213468602, 0.29540687118722664, 0.30404840749798445, 0.31365660243645227, 0.32397487162245919, 0.33474873792667853, 0.34572904869773852, 0.35667496721593506, 0.36735673837354782, 0.37755822858175819, 0.38707923990417087, 0.39573759841693656, 0.40337101679547893, 0.40983873112782315, 0.41502291195452723, 0.41882984953521574, 0.42119091334171721, 0.42206328577780305, 0.4214304701255287, 0.41930257271817939, 0.41571635933981649, 0.41073508585142682, 0.40444810304367629, 0.39697023571626339, 0.38844093598387686, 0.379023210808758, 0.36890232375986037, 0.35828427099861809, 0.34739403149130843, 0.33647359144803363, 0.325779742988278, 0.31558165703309993, 0.30615823042389956, 0.2977952072678034, 0.29078207450964988, 0.28540873173056974, 0.28196193517318474, 0.28072151599338813, 0.28195637273874541, 0.28592023805349448, 0.29284721961013016, 0.30294711526762602, 0.31640050245622214, 0.33335360178884665
grasp_top
probs
0.0, 0.5522030651340996, 0.60263041556145, 0.60263041556145, 0.60263041556145, 0.6109637488947833, 0.8160919540229885, 0.7160919540230677, 0.7160919540230677, 0.6627586206894357, 0.6627586206894357, 0.5049808429118774, 0.5049808429118774, 0.6827586206896552, 0.6827586206896552, 0.8160919540229885, 0.8160919540229885, 0.4160919540229885, 0.2827586206896552, 0.2160919540229885, 0.2160919540229885, 0.2160919540229885, 0.2160919540229885, 0.34942528735632183, 0.34942528735632183, 0.2160919540229885, 0.2160919540229885, 0.34942528735632183, 0.48275862068965514, 0.5494252873563218, 0.5494252873563218, 0.4160919540229885, 0.4160919540229885, 0.4160919540229885, 0.4160919540229885, 0.4160919540229885, 0.4160919540229885, 0.4160919540229885, 0.4160919540229885
times_polyfit
0.0, 0.1719377994538, 0.3438755989076, 0.5158133983613999, 0.6877511978152, 0.859688997269, 1.0316267967227999, 1.2035645961766, 1.3755023956304, 1.5474401950842, 1.719377994538, 1.8913157939918, 2.0632535934455998, 2.2351913928994, 2.4071291923532, 2.579066991807, 2.7510047912608, 2.9229425907146, 3.0948803901684, 3.2668181896222, 3.438755989076, 3.6106937885298, 3.7826315879836, 3.9545693874374, 4.1265071868911996, 4.298444986345, 4.4703827857988, 4.6423205852526, 4.8142583847064, 4.9861961841602, 5.158133983614, 5.3300717830678, 5.5020095825216, 5.6739473819754, 5.8458851814292, 6.017822980883, 6.1897607803368, 6.3616985797906, 6.5336363792444, 6.7055741786982, 6.877511978152, 7.0494497776058, 7.2213875770596, 7.3933253765134, 7.5652631759672, 7.737200975421, 7.9091387748748, 8.0810765743286, 8.253014373782399, 8.4249521732362, 8.59688997269
prob_polyfit
0.47507158247134651, 0.39176689643997903, 0.35970546172269902, 0.3647965725539532, 0.39519095479518201, 0.44107491955852196, 0.49447316621409509, 0.54906023478088839, 0.59998060770121897, 0.64367746099879097, 0.6777300648203366, 0.70069983336084629, 0.71198502417239307, 0.7116840868565335, 0.70046766114030801, 0.67945922433582173, 0.650124388183418, 0.61416884507844416, 0.5734449636815846, 0.52986703391281509, 0.48533516132892096, 0.44166781088459572, 0.40054300007716925, 0.36344814147487803, 0.33163853462874693, 0.3061045073680595, 0.28754720647940424, 0.27636303776932358, 0.2726367555105309, 0.27614320127174175, 0.28635769213110285, 0.30247505827312215, 0.32343732996933161, 0.34797007394236834, 0.37462737911387611, 0.40184549173563955, 0.42800509990470292, 0.4515022674618594, 0.47082801727369006, 0.484656563898338, 0.49194219563471453, 0.49202480595550657, 0.48474407432358024, 0.47056229639183744, 0.45069586358729996, 0.42725539207792895, 0.40339450112345165, 0.38346724081020245, 0.37319416916875703, 0.37983707867538374, 0.4123823721375075
place_top
probs
0.0, 0.4510121457490501, 0.5510121457490001, 0.5510121457490001, 0.5510121457490001, 0.5659829059828699, 0.505982905982872, 0.46820512820522225, 0.46820512820522225, 0.42820512820527024, 0.42820512820527024, 0.39487179487193685, 0.39487179487193685, 0.39487179487193685, 0.39487179487193685, 0.39487179487193685, 0.39487179487193685, 0.39487179487193685, 0.5282051282052702, 0.5282051282052702, 0.5282051282052702, 0.5282051282052702, 0.39487179487193685, 0.41391941391953146, 0.41391941391953146, 0.39487179487193685, 0.39487179487193685, 0.39487179487193685, 0.47820512820530975, 0.47820512820530975, 0.7448717948719764, 0.7948717948719369, 0.7948717948719369, 0.7948717948719369, 0.7615384615385244, 0.7615384615385244, 0.7948717948719369, 0.7948717948719369, 0.7948717948719369
times_polyfit
0.0, 0.1719377994538, 0.3438755989076, 0.5158133983613999, 0.6877511978152, 0.859688997269, 1.0316267967227999, 1.2035645961766, 1.3755023956304, 1.5474401950842, 1.719377994538, 1.8913157939918, 2.0632535934455998, 2.2351913928994, 2.4071291923532, 2.579066991807, 2.7510047912608, 2.9229425907146, 3.0948803901684, 3.2668181896222, 3.438755989076, 3.6106937885298, 3.7826315879836, 3.9545693874374, 4.1265071868911996, 4.298444986345, 4.4703827857988, 4.6423205852526, 4.8142583847064, 4.9861961841602, 5.158133983614, 5.3300717830678, 5.5020095825216, 5.6739473819754, 5.8458851814292, 6.017822980883, 6.1897607803368, 6.3616985797906, 6.5336363792444, 6.7055741786982, 6.877511978152, 7.0494497776058, 7.2213875770596, 7.3933253765134, 7.5652631759672, 7.737200975421, 7.9091387748748, 8.0810765743286, 8.253014373782399, 8.4249521732362, 8.59688997269
prob_polyfit
0.42076512024332491, 0.47755539865783275, 0.51231207944900947, 0.53018256658061746, 0.53551529762766759, 0.53193694198653962, 0.52242607906047833, 0.5093833564204665, 0.49469812794147194, 0.4798115719140722, 0.46577628913145341, 0.45331238095178639, 0.44286000733597586, 0.43462842486079079, 0.42864150470736362, 0.42477973062506935, 0.42281867687078534, 0.42246396612351145, 0.42338270737438299, 0.4252314137920532, 0.42768040056344114, 0.43043466270988207, 0.43325123287862088, 0.43595301910969586, 0.43843912257821938, 0.44069163531198563, 0.44277891788451473, 0.4448553570834084, 0.44715760355413781, 0.44999728941916706, 0.45375022587248548, 0.45884208074949795, 0.4657305360722348, 0.47488392557010028, 0.48675635217581359, 0.50175928549679716, 0.52022963926202559, 0.54239432874407267, 0.56833130815667943, 0.5979270880276788, 0.63083073254721178, 0.66640433689147738, 0.70366998452154306, 0.74125318445805322, 0.77732278853070502, 0.80952738860358986, 0.83492819377572003, 0.8499283875567909, 0.85019896501858216, 0.83060104992157413, 0.78510469181702502
place
probs
0.0, 0.36000000000005067, 0.36000000000005067, 0.36000000000005067, 0.36000000000005067, 0.37435897435906434, 0.4410256410258893, 0.40000000000015834, 0.40000000000015834, 0.3333333333333333, 0.3333333333333333, 0.3333333333333333, 0.26969696969696966, 0.26969696969696966, 0.26969696969696966, 0.26969696969696966, 0.26666666666666666, 0.13333333333333333, 0.26666666666666666, 0.26666666666666666, 0.26666666666666666, 0.26666666666666666, 0.13333333333333333, 0.13333333333333333, 0.13333333333333333, 0.13333333333333333, 0.13333333333333333, 0.26666666666666666, 0.4, 0.4666666666666667, 0.5111111111111675, 0.5111111111111675, 0.44747474747480376, 0.403030303030303, 0.26969696969696966, 0.26666666666666666, 0.26666666666666666, 0.26666666666666666, 0.26666666666666666
times_polyfit
0.0, 0.1719377994538, 0.3438755989076, 0.5158133983613999, 0.6877511978152, 0.859688997269, 1.0316267967227999, 1.2035645961766, 1.3755023956304, 1.5474401950842, 1.719377994538, 1.8913157939918, 2.0632535934455998, 2.2351913928994, 2.4071291923532, 2.579066991807, 2.7510047912608, 2.9229425907146, 3.0948803901684, 3.2668181896222, 3.438755989076, 3.6106937885298, 3.7826315879836, 3.9545693874374, 4.1265071868911996, 4.298444986345, 4.4703827857988, 4.6423205852526, 4.8142583847064, 4.9861961841602, 5.158133983614, 5.3300717830678, 5.5020095825216, 5.6739473819754, 5.8458851814292, 6.017822980883, 6.1897607803368, 6.3616985797906, 6.5336363792444, 6.7055741786982, 6.877511978152, 7.0494497776058, 7.2213875770596, 7.3933253765134, 7.5652631759672, 7.737200975421, 7.9091387748748, 8.0810765743286, 8.253014373782399, 8.4249521732362, 8.59688997269
prob_polyfit
0.2900208117432283, 0.26466582099272368, 0.25814108654549694, 0.26462118126566148, 0.27927616911810982, 0.29817661739895196, 0.3182026578258112, 0.33695709648797739, 0.35268257265641695, 0.36418276645363973, 0.37074765538342469, 0.37208281972040019, 0.36824279675948529, 0.3595684839251832, 0.34662859074073643, 0.33016513965713806, 0.31104301574199594, 0.29020356522826279, 0.26862224292281373, 0.24727030847489045, 0.22708057150439603, 0.20891718559004041, 0.19354949111736802, 0.18162990698661491, 0.17367587118042999, 0.17005583019147857, 0.17097927730984458, 0.17649083977037489, 0.18646841475979409, 0.20062535428374256, 0.21851669889361997, 0.23954946027332252, 0.26299695268587192, 0.28801717327973669, 0.31367523125529034, 0.33896982589079977, 0.36286377342857751, 0.38431858282076331, 0.40233308033510723, 0.41598608302050571, 0.4244831210324162, 0.42720720881828805, 0.42377366516255005, 0.41408898209178407, 0.39841374263942425, 0.37742958747067007, 0.3523102303668621, 0.3247965225700557, 0.29727556598747501, 0.27286387525533112, 0.25549458866285119
grasp
probs
0.0, 0.452070175438564, 0.7187368421052306, 0.6777112010795541, 0.6777112010795541, 0.72037786774624, 0.45371120107957336, 0.32037786774624, 0.3030701754385832, 0.3030701754385832, 0.3030701754385832, 0.3030701754385832, 0.3614035087719165, 0.3614035087719165, 0.3614035087719165, 0.3614035087719165, 0.3614035087719165, 0.22807017543858318, 0.22807017543858318, 0.16140350877191653, 0.16140350877191653, 0.16140350877191653, 0.16140350877191653, 0.16140350877191653, 0.16140350877191653, 0.16140350877191653, 0.16140350877191653, 0.29473684210524986, 0.29473684210524986, 0.3030701754385832, 0.3030701754385832, 0.3030701754385832, 0.3614035087719165, 0.3614035087719165, 0.3614035087719165, 0.3614035087719165, 0.3614035087719165, 0.3614035087719165, 0.3614035087719165
times_polyfit
0.0, 0.1719377994538, 0.3438755989076, 0.5158133983613999, 0.6877511978152, 0.859688997269, 1.0316267967227999, 1.2035645961766, 1.3755023956304, 1.5474401950842, 1.719377994538, 1.8913157939918, 2.0632535934455998, 2.2351913928994, 2.4071291923532, 2.579066991807, 2.7510047912608, 2.9229425907146, 3.0948803901684, 3.2668181896222, 3.438755989076, 3.6106937885298, 3.7826315879836, 3.9545693874374, 4.1265071868911996, 4.298444986345, 4.4703827857988, 4.6423205852526, 4.8142583847064, 4.9861961841602, 5.158133983614, 5.3300717830678, 5.5020095825216, 5.6739473819754, 5.8458851814292, 6.017822980883, 6.1897607803368, 6.3616985797906, 6.5336363792444, 6.7055741786982, 6.877511978152, 7.0494497776058, 7.2213875770596, 7.3933253765134, 7.5652631759672, 7.737200975421, 7.9091387748748, 8.0810765743286, 8.253014373782399, 8.4249521732362, 8.59688997269
prob_polyfit
0.50630746744428512, 0.49998376423368129, 0.49385135966610116, 0.48742232655658707, 0.48031918009033653, 0.47226453942802898, 0.46307116480374966, 0.45263237011551061, 0.44091281100836927, 0.42793964845014371, 0.4137940877997256, 0.39860329336799011, 0.38253267847130312, 0.36577857097762539, 0.34856125434521468, 0.33111838415392403, 0.31369878012909813, 0.29655659365806641, 0.27994585079923379, 0.26411537078376757, 0.24930406000988359, 0.2357365815297271, 0.22361940002885317, 0.21313720229830185, 0.2044496931992732, 0.19768876712039818, 0.19295605492760531, 0.1903208464065882, 0.18981838819786723, 0.1914485572244487, 0.19517490961208134, 0.20092410510211212, 0.2085857069569419, 0.21801235735806146, 0.22902032829671037, 0.24139044795711562, 0.25486940259232749, 0.2691714138926618, 0.28398029184673851, 0.29895186309510413, 0.31371677477646759, 0.32788367386652223, 0.34104276200937472, 0.35276972584155997, 0.36263004280867206, 0.37018366247455681, 0.37499006332314005, 0.37661368505283577, 0.37462973636355629, 0.36863037823630662, 0.35823128270539945
