times
0, 0.000114917755127, 0.000161170959473, 0.000319004058838, 0.140424013138, 2.0074930191, 2.00774312019, 2.00785708427, 2.47580814362, 2.47652816772, 2.94730496407, 2.94744086266, 2.94764685631, 3.10458898544, 3.10470604897, 3.26179909706, 3.26225113869, 3.2623360157, 3.57082009315, 3.57107114792, 3.57125520706, 3.72947502136, 4.51167583466, 4.82168102264, 4.82213306427, 4.82238602638, 5.13461208344, 5.91444897652, 5.91489911079, 5.91501808167, 5.91513800621, 6.22889208794, 6.22907614708, 6.22921514511, 7.48153710365, 7.48176598549, 7.48188018799, 7.95153784752, 8.58121204376, 8.58136105537, 9.05128192902, 10.4593279362, 10.7724468708, 12.7980959415, 14.512319088, 14.5136640072, 14.5140171051, 14.6685709953, 14.8247618675, 14.8250458241, 14.8251998425, 15.1342899799, 15.6037640572, 15.6042091846, 15.6044440269, 16.0739719868, 16.2278602123, 16.2281351089, 16.2283051014, 17.1647741795, 17.1650760174, 17.1652209759, 17.9468472004, 17.9470670223, 17.947355032, 18.2604849339, 19.0370900631, 19.0373430252, 19.0374929905, 19.6612780094, 19.8187551498, 19.8192241192, 19.8194270134, 19.8195819855, 19.8199028969, 21.065636158, 21.0659229755, 21.0660810471, 21.0661501884
start_prob
pour_water
probs
0.0, 0.29993038150944146, 0.2639896407686978, 0.10451595655821336, 0.13118262322488003, 0.09702222222227377, 0.20902222222227376, 0.20852096908944168, 0.20852096908944168, 0.21918763575610836, 0.21918763575610836, 0.19252096908944166, 0.32435588972431073, 0.3262857142857143, 0.26666666666666666, 0.27283208020050126, 0.1596892230576441, 0.22635588972431078, 0.22714285714295715, 0.22714285714295715, 0.21, 0.14333333333333334, 0.13473684210526315, 0.10726382623231843, 0.225865329991649, 0.23255705931495727, 0.27589039264829057, 0.21627134502924297, 0.1099555555555867, 0.14376507936521052, 0.11697309941523582, 0.0736397660819025, 0.08363976608190248, 0.10709841269854384, 0.15043174603187717, 0.1594793650794962, 0.1337650793651105, 0.09043174603177717, 0.19709841269855582, 0.21105820105836753, 0.20629629629646276, 0.09962962962968408, 0.10962962962968407, 0.052355555555607086, 0.07070643274858955, 0.04937309941525621, 0.049022222222273745, 0.09235555555560708, 0.09045079365084517, 0.11711746031751184, 0.07476190476190477, 0.1038095238096238, 0.07714285714295714, 0.07714285714295714, 0.043333333333333335, 0.0, 0.0, 0.010666666666666668, 0.0458796992482203, 0.09903759398504845, 0.1303709273183818, 0.09849122807016149, 0.04533333333333334, 0.13666666666666666, 0.13333333333333333, 0.13333333333333333, 0.15714285714295712, 0.03333333333343333, 0.024285714285714285, 0.024285714285714285, 0.0, 0.06057142857146857, 0.0, 0.0, 0.0, 0.0, 0.0, 0.0, 0.0
times_polyfit
0.0, 0.421323003768, 0.842646007536, 1.263969011304, 1.685292015072, 2.1066150188400004, 2.527938022608, 2.949261026376, 3.370584030144, 3.7919070339120005, 4.213230037680001, 4.634553041448, 5.055876045216, 5.477199048984001, 5.898522052752, 6.31984505652, 6.741168060288, 7.162491064056001, 7.583814067824001, 8.005137071592001, 8.426460075360001, 8.847783079128, 9.269106082896, 9.690429086664, 10.111752090432, 10.5330750942, 10.954398097968001, 11.375721101736001, 11.797044105504, 12.218367109272, 12.63969011304, 13.061013116808, 13.482336120576, 13.903659124344001, 14.324982128112001, 14.746305131880002, 15.167628135648002, 15.588951139416, 16.010274143184002, 16.431597146952, 16.852920150720003, 17.274243154488, 17.695566158256, 18.116889162024002, 18.538212165792, 18.959535169560002, 19.380858173328, 19.802181177096003, 20.223504180864, 20.644827184632, 21.0661501884
prob_polyfit
0.15295544793271076, 0.19487178125467572, 0.2195879790462289, 0.23168724947688166, 0.23486219667618918, 0.23203547537785285, 0.22547020729937012, 0.21687057114093011, 0.20747297808725862, 0.19812824469611062, 0.18937517505711354, 0.18150596410466058, 0.17462383396855252, 0.16869331524609688, 0.16358358507935444, 0.15910527392124141, 0.15504115287418618, 0.15117111348503842, 0.14729185187994032, 0.14323166912284579, 0.13886079968140697, 0.1340976798839052, 0.12891156825095063, 0.1233219295856488, 0.1173949947059002, 0.11123790770260922, 0.10499087260738971, 0.098817711353592297, 0.092895244914263819, 0.087401909500787522, 0.082506019705863909, 0.07835409047457953, 0.075059629787265103, 0.072692813937714873, 0.071271457290778106, 0.070753688402517834, 0.071032744387328317, 0.07193429541491303, 0.073216711221560593, 0.074574681518908892, 0.075646602184081035, 0.076026139115108804, 0.075278381634828473, 0.072960997327404242, 0.068650800191090933, 0.061976143990816079, 0.052655552694240604, 0.04054299987513621, 0.025680248967848374, 0.0083566662566306738, -0.010823081517337685
grasp_top
probs
0.0, 0.7379456654456592, 0.5805952380952318, 0.3805952380952319, 0.11392857142856523, 0.0, 0.10740740740740741, 0.11538359788359581, 0.11725026455026248, 0.12391693121692916, 0.1220502645502625, 0.38871693121692913, 0.5353835978835958, 0.5274074074074074, 0.534074074074074, 0.5645502645502625, 0.46893772893772684, 0.5206710622710602, 0.5370904761904349, 0.5704238095237683, 0.48506666666666665, 0.43333333333333335, 0.4704761904761884, 0.34380952380952173, 0.4904761904761884, 0.44666666666666666, 0.44666666666666666, 0.5428571428571015, 0.40952380952376816, 0.3958333333333333, 0.38476190476189853, 0.38476190476189853, 0.38476190476189853, 0.26666666666666666, 0.26666666666666666, 0.26666666666666666, 0.2746428571428551, 0.2746428571428551, 0.017171592775038984, 0.15717159277503898, 0.17205254515595209, 0.42952380952376823, 0.4, 0.26666666666666666, 0.34476190476189855, 0.3580952380952319, 0.3128205128205128, 0.3128205128205128, 0.3336904761904348, 0.06702380952376816, 0.2003571428571015, 0.2625, 0.5291666666666667, 0.5425, 0.5428571428571015, 0.5428571428571015, 0.5757631257630844, 0.5546520146519732, 0.5314377289377269, 0.5981043956043935, 0.7263095238095219, 0.7133333333333333, 0.6466666666666666, 0.6007407407407407, 0.5074074074074074, 0.5074074074074074, 0.5927645502645089, 0.5186904761904348, 0.5, 0.5, 0.47188034188034184, 0.43846153846153846, 0.4, 0.4, 0.4, 0.4, 0.4, 0.4, 0.4
times_polyfit
0.0, 0.421323003768, 0.842646007536, 1.263969011304, 1.685292015072, 2.1066150188400004, 2.527938022608, 2.949261026376, 3.370584030144, 3.7919070339120005, 4.213230037680001, 4.634553041448, 5.055876045216, 5.477199048984001, 5.898522052752, 6.31984505652, 6.741168060288, 7.162491064056001, 7.583814067824001, 8.005137071592001, 8.426460075360001, 8.847783079128, 9.269106082896, 9.690429086664, 10.111752090432, 10.5330750942, 10.954398097968001, 11.375721101736001, 11.797044105504, 12.218367109272, 12.63969011304, 13.061013116808, 13.482336120576, 13.903659124344001, 14.324982128112001, 14.746305131880002, 15.167628135648002, 15.588951139416, 16.010274143184002, 16.431597146952, 16.852920150720003, 17.274243154488, 17.695566158256, 18.116889162024002, 18.538212165792, 18.959535169560002, 19.380858173328, 19.802181177096003, 20.223504180864, 20.644827184632, 21.0661501884
prob_polyfit
0.36563189173582678, 0.21039626202486725, 0.14191441597432985, 0.13376146703053915, 0.16465286093543763, 0.21778898494497323, 0.28025108025168866, 0.34244654514448403, 0.3976017164385186, 0.4413002167082134, 0.47106495485633393, 0.48598186755210482, 0.48636348907134797, 0.47345043707156997, 0.44914890183503098, 0.41580222651267928, 0.37599466590199371, 0.33238541129166044, 0.28757096890608369, 0.24397397948262856, 0.2037565665146317, 0.1687563006931645, 0.14044286808047413, 0.11989352954796018, 0.10778545901194536, 0.1044030479998026, 0.10965826408002211, 0.12312215068830556, 0.14406555588342296, 0.17150717756562783, 0.20426701269028302, 0.24102329800979994, 0.28037102987728413, 0.32088015064423092, 0.36115148918555895, 0.39986854308498887, 0.43584319001326732, 0.46805341583353033, 0.49567114696458581, 0.51807827453706223, 0.5348689578749608, 0.54583629483385798, 0.55094144653274291, 0.55026330400637113, 0.54392678431741159, 0.53200784365763965, 0.51441329497150412, 0.49073351763652417, 0.46006614673134449, 0.42080882942618536, 0.37041913602918775
place_top
probs
0.0, 0.6563664717348169, 0.5190331384014836, 0.3190331384014835, 0.05236647173481687, 0.0, 0.08666666666666667, 0.08666666666666667, 0.08666666666666667, 0.08666666666666667, 0.08666666666666667, 0.35333333333333333, 0.4960784313725497, 0.4960784313725497, 0.50444444444448, 0.48666666666666664, 0.4, 0.44333333333333336, 0.4714035087718899, 0.4839525283797264, 0.4558823529411698, 0.41254901960783646, 0.4, 0.26666666666666666, 0.40941176470588303, 0.42718954248369634, 0.42718954248369634, 0.4119999999999856, 0.27866666666665224, 0.33384795321633154, 0.2766471734892838, 0.2766471734892838, 0.2766471734892838, 0.26666666666666666, 0.26666666666666666, 0.26666666666666666, 0.26666666666666666, 0.26666666666666666, 0.0, 0.13333333333333333, 0.136, 0.4026666666666667, 0.4055555555555573, 0.26666666666666666, 0.2766471734892838, 0.2766471734892838, 0.28444444444448, 0.28444444444448, 0.26666666666666666, 0.0, 0.13333333333333333, 0.2005146198829982, 0.4671812865496649, 0.4791812865496504, 0.41901754385963735, 0.41901754385963735, 0.40701754385965183, 0.40701754385965183, 0.4, 0.4666666666666667, 0.5260784313725247, 0.5508737530099898, 0.4842070863433231, 0.5114619883041318, 0.48666666666666664, 0.53, 0.5580701754385566, 0.49595252837971204, 0.5069934640522636, 0.46366013071893036, 0.404, 0.40941176470588303, 0.4, 0.4, 0.4, 0.4, 0.4, 0.4, 0.4
times_polyfit
0.0, 0.421323003768, 0.842646007536, 1.263969011304, 1.685292015072, 2.1066150188400004, 2.527938022608, 2.949261026376, 3.370584030144, 3.7919070339120005, 4.213230037680001, 4.634553041448, 5.055876045216, 5.477199048984001, 5.898522052752, 6.31984505652, 6.741168060288, 7.162491064056001, 7.583814067824001, 8.005137071592001, 8.426460075360001, 8.847783079128, 9.269106082896, 9.690429086664, 10.111752090432, 10.5330750942, 10.954398097968001, 11.375721101736001, 11.797044105504, 12.218367109272, 12.63969011304, 13.061013116808, 13.482336120576, 13.903659124344001, 14.324982128112001, 14.746305131880002, 15.167628135648002, 15.588951139416, 16.010274143184002, 16.431597146952, 16.852920150720003, 17.274243154488, 17.695566158256, 18.116889162024002, 18.538212165792, 18.959535169560002, 19.380858173328, 19.802181177096003, 20.223504180864, 20.644827184632, 21.0661501884
prob_polyfit
0.31202476621266256, 0.17391068016462508, 0.1157445563390227, 0.11204243495883442, 0.14258749775340734, 0.19170612903304746, 0.24760577696483349, 0.30177208504191017, 0.34842276373850917, 0.38401567234294959, 0.40680858096087885, 0.41646808268099039, 0.41372512589549554, 0.400074636767563, 0.37751670183802927, 0.34833678076358271, 0.31492241917871483, 0.27961393167364462, 0.24458652488055127, 0.21176133066021957, 0.18274281938154219, 0.15878006328598399, 0.14074931992932022, 0.12915540569282619, 0.1241493293564136, 0.12555965572549016, 0.13293506930450089, 0.14559560800847421, 0.16269003690594569, 0.18325683198428094, 0.20628624393088862, 0.23078091192149525, 0.25581249740837225, 0.28057180790083286, 0.30440988072929925, 0.32686749678740884, 0.34769059424058862, 0.36682905219828871, 0.384416314337168, 0.40072732247183779, 0.4161122300620595, 0.43090336564986426, 0.44529291622090944, 0.45917880047800558, 0.47197620202197427, 0.48239223243393986, 0.48816119424518717, 0.4857379137939371, 0.46994661395553222, 0.43358279674142813, 0.36696560575992826
place
probs
0.0, 0.39695415695420927, 0.22806526806532038, 0.028065268065320382, 0.07250971250982112, 0.044444444444500734, 0.1311111111111674, 0.1311111111111674, 0.1311111111111674, 0.1311111111111674, 0.13174174174179862, 0.08729729729729788, 0.2206306306306312, 0.2206306306306312, 0.2303276003276009, 0.22951951951952013, 0.13396396396396457, 0.17666666666666667, 0.19000000000002532, 0.19000000000002532, 0.17666666666666667, 0.13396396396396457, 0.13396396396396457, 0.012751842751844733, 0.14608517608517807, 0.15578214578214775, 0.15515151515151657, 0.2010101010101499, 0.06767676767681659, 0.04745920745926117, 0.014545454545455944, 0.015176085176087158, 0.05962052962053161, 0.0778023478023841, 0.07717171717175288, 0.03272727272730843, 0.015198135198137496, 0.015828765828768708, 0.10471765471793908, 0.23069168069196755, 0.2309480909483769, 0.14205920205920652, 0.19743327243331135, 0.06798882798886453, 0.006131796131797615, 0.01978258978259514, 0.02731172731173177, 0.026681096681100563, 0.0, 0.044444444444500734, 0.21333333333338964, 0.2486713286714373, 0.20422688422693652, 0.17756021756026988, 0.14222222222222222, 0.14285285285285346, 0.13396396396396457, 0.13396396396396457, 0.13396396396396457, 0.2, 0.21904761904767076, 0.22874458874464046, 0.16270855270860501, 0.2303276003276009, 0.2206306306306312, 0.26333333333333336, 0.3122222222222476, 0.19000000000002532, 0.19867132867135565, 0.15596862596865355, 0.14285285285285346, 0.13396396396396457, 0.13396396396396457, 0.13396396396396457, 0.13333333333333333, 0.13333333333333333, 0.13333333333333333, 0.13333333333333333, 0.13333333333333333
times_polyfit
0.0, 0.421323003768, 0.842646007536, 1.263969011304, 1.685292015072, 2.1066150188400004, 2.527938022608, 2.949261026376, 3.370584030144, 3.7919070339120005, 4.213230037680001, 4.634553041448, 5.055876045216, 5.477199048984001, 5.898522052752, 6.31984505652, 6.741168060288, 7.162491064056001, 7.583814067824001, 8.005137071592001, 8.426460075360001, 8.847783079128, 9.269106082896, 9.690429086664, 10.111752090432, 10.5330750942, 10.954398097968001, 11.375721101736001, 11.797044105504, 12.218367109272, 12.63969011304, 13.061013116808, 13.482336120576, 13.903659124344001, 14.324982128112001, 14.746305131880002, 15.167628135648002, 15.588951139416, 16.010274143184002, 16.431597146952, 16.852920150720003, 17.274243154488, 17.695566158256, 18.116889162024002, 18.538212165792, 18.959535169560002, 19.380858173328, 19.802181177096003, 20.223504180864, 20.644827184632, 21.0661501884
prob_polyfit
0.13686311747948904, 0.17181648624930868, 0.1878951940395113, 0.19094974513992347, 0.18558286991601322, 0.17532994474729313, 0.16282336983900542, 0.14994157267940533, 0.13794330491496032, 0.12758790041578122, 0.11924216230360113, 0.11297454671461943, 0.10863731106952651, 0.10593729462302942, 0.10449599906518808, 0.10389963694688414, 0.10373981570174212, 0.10364552503680585, 0.10330709546430034, 0.10249279574679931, 0.10105873702808582, 0.098952751422073992, 0.096212912832029984, 0.092961367772525894, 0.08939414396630091, 0.08576760448848747, 0.08238221523035133, 0.079564293455114232, 0.077646405217870085, 0.076947079422145237, 0.07775050628535124, 0.080286887985338284, 0.084714109260615678, 0.091101395736208179, 0.099415627747909519, 0.10951097743663768, 0.12112253688601077, 0.13386460507464376, 0.14723430141610822, 0.16062117365838385, 0.17332346791550562, 0.18457172860382848, 0.19356039605431713, 0.19948806957424187, 0.20160710373061824, 0.19928320562622243, 0.19206570094254244, 0.17976913652023924, 0.16256688725086904, 0.14109743505113786, 0.11658398769207629
grasp
probs
0.0, 0.7627793655619783, 0.7070543702507919, 0.5241056523020868, 0.2574389856354201, 0.16514913056294375, 0.1371367521367178, 0.13829617242657488, 0.15893719806760023, 0.15893719806760023, 0.1356038647342669, 0.4022705314009336, 0.5660498631803879, 0.5648904428905309, 0.5474358974358664, 0.5602699588740965, 0.49477345537763434, 0.5390042246084022, 0.5027598204945997, 0.5219196951027317, 0.4733216783216572, 0.42909090909088926, 0.4678260869565237, 0.33909045477261424, 0.5119472990778549, 0.47289314194589155, 0.47289314194589155, 0.4249552735594085, 0.2916219402260751, 0.37866666666665705, 0.35923722349354853, 0.35923722349354853, 0.3638349246429724, 0.33343980641260207, 0.33343980641260207, 0.3288421052631782, 0.2736231884058193, 0.2736231884058193, 0.17537757437103074, 0.34239951794467716, 0.33926908316204346, 0.437514697196832, 0.454779519331246, 0.37900854700849546, 0.5406317354143627, 0.3832900426244303, 0.3558422928151274, 0.3558422928151274, 0.3751153357195111, 0.10844866905284443, 0.16288630804216572, 0.25477951933123644, 0.521446185997903, 0.5900606060605861, 0.564834061438182, 0.564834061438182, 0.6996219402261231, 0.5713711565270103, 0.5710904547726047, 0.6233981470802845, 0.6197032672476654, 0.6286491101157117, 0.5763414178080317, 0.6162078272604268, 0.5207692307691997, 0.5641025641025331, 0.6154438025742027, 0.577583662714022, 0.5977575757575079, 0.5544242424241745, 0.5527272727273104, 0.5180522466041363, 0.4, 0.4, 0.4, 0.4, 0.4, 0.4, 0.4
times_polyfit
0.0, 0.421323003768, 0.842646007536, 1.263969011304, 1.685292015072, 2.1066150188400004, 2.527938022608, 2.949261026376, 3.370584030144, 3.7919070339120005, 4.213230037680001, 4.634553041448, 5.055876045216, 5.477199048984001, 5.898522052752, 6.31984505652, 6.741168060288, 7.162491064056001, 7.583814067824001, 8.005137071592001, 8.426460075360001, 8.847783079128, 9.269106082896, 9.690429086664, 10.111752090432, 10.5330750942, 10.954398097968001, 11.375721101736001, 11.797044105504, 12.218367109272, 12.63969011304, 13.061013116808, 13.482336120576, 13.903659124344001, 14.324982128112001, 14.746305131880002, 15.167628135648002, 15.588951139416, 16.010274143184002, 16.431597146952, 16.852920150720003, 17.274243154488, 17.695566158256, 18.116889162024002, 18.538212165792, 18.959535169560002, 19.380858173328, 19.802181177096003, 20.223504180864, 20.644827184632, 21.0661501884
prob_polyfit
0.45043878046949981, 0.31681839200775391, 0.25197778278502392, 0.23509848365064401, 0.24950326022207725, 0.28210691174627556, 0.32291239216814638, 0.3645504521904499, 0.40186100110945433, 0.43151438721066682, 0.45167079550898004, 0.46167596161754587, 0.46179140052970791, 0.45295734909831786, 0.4365866209967546, 0.41438757294600226, 0.38821438099203398, 0.35994282561795155, 0.33136978447508048, 0.30413463151740538, 0.2796607413237, 0.2591152973916282, 0.24338560318811941, 0.23307009474046048, 0.2284822535522304, 0.22966561862866897, 0.23641809639559863, 0.24832376729609074, 0.26479038784990383, 0.28509078695880063, 0.30840635524351523, 0.33387082619532471, 0.36061254792758834, 0.38779344431122098, 0.41464286427777886, 0.44048451807622957, 0.46475469926489055, 0.48700999122679534, 0.50692265698789107, 0.52426191112805842, 0.53885927256371868, 0.55055619699023506, 0.55913218776686957, 0.56421158402921368, 0.5651472248121685, 0.56087918797003233, 0.54976680267587685, 0.52939213428415055, 0.49633314034582465, 0.4459046965519482, 0.37186569139855141
trans_prob
pour_water
probs
0.0, 0.38095238095258094, 0.2846560846564402, 0.24605959342833017, 0.2727262600949968, 0.25844054580908254, 0.25844054580908254, 0.3584405458090825, 0.3303703703705259, 0.3303703703705259, 0.3303703703705259, 0.3037037037038593, 0.4, 0.26666666666666666, 0.3, 0.26666666666666666, 0.24347826086958638, 0.24347826086958638, 0.24347826086958638, 0.24347826086958638, 0.24347826086958638, 0.24347826086958638, 0.24347826086958638, 0.11014492753625306, 0.13333333333333333, 0.13333333333333333, 0.2, 0.2, 0.2, 0.2, 0.2, 0.13333333333333333, 0.13333333333333333, 0.13333333333333333, 0.13333333333333333, 0.13333333333333333, 0.13333333333333333, 0.2, 0.2, 0.3333333333333333, 0.3333333333333333, 0.3333333333333333, 0.3333333333333333, 0.3333333333333333, 0.3333333333333333, 0.3333333333333333, 0.3333333333333333, 0.26666666666666666, 0.26666666666666666, 0.26666666666666666, 0.26666666666666666, 0.26666666666666666, 0.26666666666666666, 0.26666666666666666, 0.26666666666666666, 0.26666666666666666, 0.26666666666666666, 0.26666666666666666, 0.26666666666666666, 0.26666666666666666, 0.26666666666666666, 0.26666666666666666, 0.26666666666666666, 0.26666666666666666, 0.26666666666666666, 0.3333333333333333, 0.3333333333333333, 0.31014492753625306, 0.31014492753625306, 0.24347826086958638, 0.24347826086958638, 0.24347826086958638, 0.26666666666666666, 0.26666666666666666, 0.26666666666666666, 0.26666666666666666, 0.26666666666666666, 0.26666666666666666, 0.26666666666666666
times_polyfit
0.0, 0.421323003768, 0.842646007536, 1.263969011304, 1.685292015072, 2.1066150188400004, 2.527938022608, 2.949261026376, 3.370584030144, 3.7919070339120005, 4.213230037680001, 4.634553041448, 5.055876045216, 5.477199048984001, 5.898522052752, 6.31984505652, 6.741168060288, 7.162491064056001, 7.583814067824001, 8.005137071592001, 8.426460075360001, 8.847783079128, 9.269106082896, 9.690429086664, 10.111752090432, 10.5330750942, 10.954398097968001, 11.375721101736001, 11.797044105504, 12.218367109272, 12.63969011304, 13.061013116808, 13.482336120576, 13.903659124344001, 14.324982128112001, 14.746305131880002, 15.167628135648002, 15.588951139416, 16.010274143184002, 16.431597146952, 16.852920150720003, 17.274243154488, 17.695566158256, 18.116889162024002, 18.538212165792, 18.959535169560002, 19.380858173328, 19.802181177096003, 20.223504180864, 20.644827184632, 21.0661501884
prob_polyfit
0.22696559707525821, 0.3054818644115459, 0.34770169897680492, 0.36272806429217813, 0.35822708106064066, 0.34057025789477302, 0.31496893515644953, 0.28560109648843801, 0.25573070261791186, 0.22781970201187074, 0.20363287296447075, 0.18433565169625798, 0.170585101045307, 0.16261417433026581, 0.16030942896529843, 0.16328234440692313, 0.17093439901276186, 0.18251606039216894, 0.19717984382876352, 0.21402759335486587, 0.23215214005778484, 0.25067349219806245, 0.26876971171952335, 0.28570263173128674, 0.30083856954161159, 0.31366418982365762, 0.32379767249309777, 0.33099533987764018, 0.335153897758383, 0.33630844486311262, 0.33462640539143806, 0.33039753915176706, 0.32402018389019749, 0.31598388439128944, 0.30684856293069607, 0.2972203856595359, 0.28772447950090574, 0.27897465413796163, 0.2715402836741323, 0.26591050254477122, 0.2624558702613109, 0.26138765956668819, 0.262714922582864, 0.26619948953022532, 0.27130905459875865, 0.27716850355111933, 0.28250963763750891, 0.28561944840251008, 0.2842870979635419, 0.27574975934149726, 0.25663747142282811
grasp_top
probs
0.0, 0.736111111111111, 0.6532051282051282, 0.6532051282051282, 0.38653846153846155, 0.3948717948717949, 0.3333333333333333, 0.24999999999996042, 0.18333333333329374, 0.18333333333329374, 0.18333333333329374, 0.44999999999996043, 0.5833333333332937, 0.5333333333333333, 0.5333333333333333, 0.5333333333333333, 0.5333333333333333, 0.5333333333333333, 0.5333333333333333, 0.5333333333333333, 0.5333333333333333, 0.6, 0.6, 0.4666666666666667, 0.4666666666666667, 0.4666666666666667, 0.4666666666666667, 0.4666666666666667, 0.3333333333333333, 0.3333333333333333, 0.3333333333333333, 0.26666666666666666, 0.26666666666666666, 0.4, 0.4, 0.4, 0.2888888888889289, 0.2888888888889289, 0.0314176245211128, 0.16475095785444613, 0.1425287356321839, 0.4, 0.4, 0.26666666666666666, 0.26666666666666666, 0.26666666666666666, 0.26666666666666666, 0.26666666666666666, 0.26666666666666666, 0.0, 0.13333333333333333, 0.13333333333333333, 0.4, 0.4, 0.4, 0.4, 0.4, 0.4, 0.5333333333333333, 0.5333333333333333, 0.5333333333333333, 0.5333333333333333, 0.5333333333333333, 0.6666666666666666, 0.5333333333333333, 0.6, 0.6, 0.6, 0.6, 0.5333333333333333, 0.5333333333333333, 0.5333333333333333, 0.5333333333333333, 0.5333333333333333, 0.5333333333333333, 0.5333333333333333, 0.5333333333333333, 0.5333333333333333, 0.5333333333333333
times_polyfit
0.0, 0.421323003768, 0.842646007536, 1.263969011304, 1.685292015072, 2.1066150188400004, 2.527938022608, 2.949261026376, 3.370584030144, 3.7919070339120005, 4.213230037680001, 4.634553041448, 5.055876045216, 5.477199048984001, 5.898522052752, 6.31984505652, 6.741168060288, 7.162491064056001, 7.583814067824001, 8.005137071592001, 8.426460075360001, 8.847783079128, 9.269106082896, 9.690429086664, 10.111752090432, 10.5330750942, 10.954398097968001, 11.375721101736001, 11.797044105504, 12.218367109272, 12.63969011304, 13.061013116808, 13.482336120576, 13.903659124344001, 14.324982128112001, 14.746305131880002, 15.167628135648002, 15.588951139416, 16.010274143184002, 16.431597146952, 16.852920150720003, 17.274243154488, 17.695566158256, 18.116889162024002, 18.538212165792, 18.959535169560002, 19.380858173328, 19.802181177096003, 20.223504180864, 20.644827184632, 21.0661501884
prob_polyfit
0.48551483956753611, 0.38869889334154772, 0.34317053022375349, 0.33290832430563333, 0.34510431547707143, 0.36973634244869108, 0.39917598323190867, 0.42783066429695665, 0.45181849962912407, 0.46867442090346784, 0.47708615999823784, 0.47665864506727512, 0.46770537139162122, 0.45106530823060259, 0.42794390289262479, 0.39977674324593421, 0.36811443988960585, 0.33452728920498082, 0.30052827850784108, 0.26751299452151528, 0.23671499639124066, 0.20917521445997295, 0.18572393602589837, 0.16697393930192111, 0.15332333679740445, 0.14496668934223761, 0.14191295197385351, 0.14400881290693096, 0.15096598680663392, 0.16239102358486374, 0.17781619394076692, 0.1967300128647928, 0.21860596232704438, 0.24292797437039532, 0.26921123582762835, 0.29701687588456366, 0.32595909770719839, 0.35570331535551553, 0.38595385720172576, 0.41642979707597177, 0.44682747435676212, 0.47676826422877333, 0.50573015932713128, 0.53296172398856756, 0.55737698233000588, 0.5774298013741892, 0.59096633044330593, 0.59505405804138478, 0.58578604744258511, 0.55805891221004922, 0.50532309286395494
place_top
probs
0.0, 0.6561403508771132, 0.6228070175437298, 0.6228070175437298, 0.3561403508770632, 0.3711111111109331, 0.3111111111109351, 0.3066666666666187, 0.239999999999952, 0.2, 0.2, 0.4666666666666667, 0.6, 0.5333333333333333, 0.5333333333333333, 0.5333333333333333, 0.5333333333333333, 0.5333333333333333, 0.5333333333333333, 0.5333333333333333, 0.5333333333333333, 0.5333333333333333, 0.5333333333333333, 0.4, 0.4, 0.4, 0.4666666666666667, 0.4666666666666667, 0.4666666666666667, 0.4666666666666667, 0.4666666666666667, 0.4, 0.4, 0.5333333333333333, 0.5333333333333333, 0.5333333333333333, 0.4, 0.4, 0.13333333333333333, 0.26666666666666666, 0.26666666666666666, 0.5333333333333333, 0.5333333333333333, 0.4, 0.4, 0.4, 0.4, 0.4, 0.4, 0.13333333333333333, 0.26666666666666666, 0.26666666666666666, 0.5333333333333333, 0.5333333333333333, 0.5333333333333333, 0.5333333333333333, 0.5333333333333333, 0.5333333333333333, 0.6666666666666666, 0.6666666666666666, 0.6666666666666666, 0.6666666666666666, 0.6666666666666666, 0.6666666666666666, 0.5333333333333333, 0.6, 0.6, 0.6, 0.6, 0.5333333333333333, 0.5333333333333333, 0.5333333333333333, 0.5333333333333333, 0.5333333333333333, 0.5333333333333333, 0.5333333333333333, 0.5333333333333333, 0.5333333333333333, 0.5333333333333333
times_polyfit
0.0, 0.421323003768, 0.842646007536, 1.263969011304, 1.685292015072, 2.1066150188400004, 2.527938022608, 2.949261026376, 3.370584030144, 3.7919070339120005, 4.213230037680001, 4.634553041448, 5.055876045216, 5.477199048984001, 5.898522052752, 6.31984505652, 6.741168060288, 7.162491064056001, 7.583814067824001, 8.005137071592001, 8.426460075360001, 8.847783079128, 9.269106082896, 9.690429086664, 10.111752090432, 10.5330750942, 10.954398097968001, 11.375721101736001, 11.797044105504, 12.218367109272, 12.63969011304, 13.061013116808, 13.482336120576, 13.903659124344001, 14.324982128112001, 14.746305131880002, 15.167628135648002, 15.588951139416, 16.010274143184002, 16.431597146952, 16.852920150720003, 17.274243154488, 17.695566158256, 18.116889162024002, 18.538212165792, 18.959535169560002, 19.380858173328, 19.802181177096003, 20.223504180864, 20.644827184632, 21.0661501884
prob_polyfit
0.44923320066663958, 0.39571160633993779, 0.36840814169490738, 0.36061661998256733, 0.3666224666354701, 0.38162309628720947, 0.40165048809685655, 0.42349603412127462, 0.44463773547826019, 0.46316982104346188, 0.4777348634240241, 0.48745846695190859, 0.49188660243984023, 0.49092566344282623, 0.48478531876820213, 0.47392423597714878, 0.45899875062063394, 0.44081455595272662, 0.42028148786423408, 0.39837147977960147, 0.37607976226005518, 0.35438938205588216, 0.33423911535087086, 0.31649484994177574, 0.30192451109584578, 0.29117660582927624, 0.28476246034962888, 0.28304222540505958, 0.28621472428344302, 0.29431121820414835, 0.30719316384564782, 0.32455403775173669, 0.34592530235935454, 0.37068658839099361, 0.3980801683546174, 0.42722979589402305, 0.45716398573265221, 0.48684380895375928, 0.51519527835978685, 0.54114639865426439, 0.56366895618854618, 0.58182512301698153, 0.59481895000321949, 0.60205282372032243, 0.60318896188809368, 0.59821602209033897, 0.58752089851494183, 0.57196578145998145, 0.55297055434829168, 0.53260060299420631, 0.51366011186479787
place
probs
0.0, 0.36000000000005067, 0.2266666666667173, 0.2266666666667173, 0.27111111111121805, 0.2854700854702317, 0.2854700854702317, 0.2634920634921198, 0.1968253968254531, 0.1968253968254531, 0.1968253968254531, 0.15238095238095237, 0.2857142857142857, 0.26666666666666666, 0.26666666666666666, 0.26666666666666666, 0.26666666666666666, 0.26666666666666666, 0.26666666666666666, 0.26666666666666666, 0.26666666666666666, 0.26666666666666666, 0.26666666666666666, 0.14545454545454686, 0.14545454545454686, 0.14545454545454686, 0.14545454545454686, 0.14545454545454686, 0.01212121212121352, 0.01212121212121352, 0.01212121212121352, 0.01212121212121352, 0.2787878787878802, 0.41212121212121355, 0.41212121212121355, 0.14545454545454686, 0.01212121212121352, 0.01212121212121352, 0.10101010101038388, 0.2222222222225037, 0.2222222222225037, 0.13333333333333333, 0.13333333333333333, 0.0, 0.0, 0.26666666666666666, 0.4, 0.4, 0.0, 0.044444444444500734, 0.17777777777783407, 0.17777777777783407, 0.13333333333333333, 0.13333333333333333, 0.13333333333333333, 0.13333333333333333, 0.13333333333333333, 0.13333333333333333, 0.26666666666666666, 0.26666666666666666, 0.26666666666666666, 0.26666666666666666, 0.26666666666666666, 0.4, 0.26666666666666666, 0.3333333333333333, 0.3333333333333333, 0.3333333333333333, 0.3333333333333333, 0.26969696969696966, 0.26969696969696966, 0.26969696969696966, 0.26969696969696966, 0.26969696969696966, 0.26666666666666666, 0.26666666666666666, 0.26666666666666666, 0.26666666666666666, 0.26666666666666666
times_polyfit
0.0, 0.421323003768, 0.842646007536, 1.263969011304, 1.685292015072, 2.1066150188400004, 2.527938022608, 2.949261026376, 3.370584030144, 3.7919070339120005, 4.213230037680001, 4.634553041448, 5.055876045216, 5.477199048984001, 5.898522052752, 6.31984505652, 6.741168060288, 7.162491064056001, 7.583814067824001, 8.005137071592001, 8.426460075360001, 8.847783079128, 9.269106082896, 9.690429086664, 10.111752090432, 10.5330750942, 10.954398097968001, 11.375721101736001, 11.797044105504, 12.218367109272, 12.63969011304, 13.061013116808, 13.482336120576, 13.903659124344001, 14.324982128112001, 14.746305131880002, 15.167628135648002, 15.588951139416, 16.010274143184002, 16.431597146952, 16.852920150720003, 17.274243154488, 17.695566158256, 18.116889162024002, 18.538212165792, 18.959535169560002, 19.380858173328, 19.802181177096003, 20.223504180864, 20.644827184632, 21.0661501884
prob_polyfit
0.20822335996448085, 0.26817009293985755, 0.29789619739243633, 0.30622258131833024, 0.30018467723468023, 0.28527953280484286, 0.26569171407984515, 0.24449887768064985, 0.22385786824577528, 0.20517219746880891, 0.18924176105036219, 0.1763956498890045, 0.1666089118357196, 0.15960412033643415, 0.15493860628714887, 0.15207820942622621, 0.1504584055883679, 0.14953366614484312, 0.14881590595445929, 0.14790287614992606, 0.14649735808398981, 0.14441801476008012, 0.14160275607178666, 0.13810547417597277, 0.13408700532376963, 0.12980117447431586, 0.12557677901542177, 0.12179636791611573, 0.11887267263519755, 0.11722354611067334, 0.11724626615446013, 0.11929205957682379, 0.12364170336535199, 0.13048305924274542, 0.13989139792812347, 0.15181336942609494, 0.1660554756690186, 0.18227790183552775, 0.19999456267124729, 0.21858022013544623, 0.23728552869858724, 0.25526086461514208, 0.27158979549553541, 0.28533304650382407, 0.29558381950279122, 0.30153532147350737, 0.30256135853239485, 0.29831085187036532, 0.28881713194062375, 0.27462286721648665, 0.25692148384493729
grasp
probs
0.0, 0.6906666666666474, 0.8376752136751908, 0.7966495726495144, 0.5299829059828477, 0.5726495726495336, 0.3059829059828669, 0.21431623931612992, 0.25534188034180644, 0.5220085470084732, 0.5220085470084732, 0.7886752136751398, 0.6416666666665963, 0.6, 0.6, 0.6, 0.6, 0.6, 0.6, 0.6, 0.6, 0.6, 0.6, 0.4666666666666667, 0.4666666666666667, 0.4666666666666667, 0.4666666666666667, 0.4666666666666667, 0.3333333333333333, 0.3333333333333333, 0.4666666666666667, 0.4, 0.4, 0.4, 0.4, 0.4, 0.3000000000000366, 0.3000000000000366, 0.2017543859652481, 0.3350877192985814, 0.3017543859652115, 0.4, 0.4, 0.2803418803418768, 0.2803418803418768, 0.2803418803418768, 0.2803418803418768, 0.2803418803418768, 0.2803418803418768, 0.013675213675210124, 0.13333333333333333, 0.13333333333333333, 0.4, 0.4, 0.5333333333333333, 0.5333333333333333, 0.5333333333333333, 0.5333333333333333, 0.5333333333333333, 0.5333333333333333, 0.5333333333333333, 0.5, 0.5, 0.6333333333333333, 0.5416666666666525, 0.549999999999986, 0.675, 0.675, 0.5416666666666666, 0.5333333333333333, 0.5333333333333333, 0.5333333333333333, 0.5333333333333333, 0.5333333333333333, 0.5333333333333333, 0.5333333333333333, 0.5333333333333333, 0.5333333333333333, 0.5333333333333333
times_polyfit
0.0, 0.421323003768, 0.842646007536, 1.263969011304, 1.685292015072, 2.1066150188400004, 2.527938022608, 2.949261026376, 3.370584030144, 3.7919070339120005, 4.213230037680001, 4.634553041448, 5.055876045216, 5.477199048984001, 5.898522052752, 6.31984505652, 6.741168060288, 7.162491064056001, 7.583814067824001, 8.005137071592001, 8.426460075360001, 8.847783079128, 9.269106082896, 9.690429086664, 10.111752090432, 10.5330750942, 10.954398097968001, 11.375721101736001, 11.797044105504, 12.218367109272, 12.63969011304, 13.061013116808, 13.482336120576, 13.903659124344001, 14.324982128112001, 14.746305131880002, 15.167628135648002, 15.588951139416, 16.010274143184002, 16.431597146952, 16.852920150720003, 17.274243154488, 17.695566158256, 18.116889162024002, 18.538212165792, 18.959535169560002, 19.380858173328, 19.802181177096003, 20.223504180864, 20.644827184632, 21.0661501884
prob_polyfit
0.56108008190399483, 0.52307967131057509, 0.50486998310846753, 0.50010626960357263, 0.50364606041612714, 0.51140509687664448, 0.52022390335819546, 0.52774460799734602, 0.53229762525606228, 0.53279781277689642, 0.52864971498376867, 0.51966150588065541, 0.5059672435005016, 0.48795704845666343, 0.46621481904919926, 0.44146309537832618, 0.41451468491734245, 0.3862306619973418, 0.35748435365603215, 0.3291309243029511, 0.30198217165343133, 0.27678614638358823, 0.25421120795867058, 0.23483412908706669, 0.21913186125229822, 0.20747657377531092, 0.20013357885936645, 0.19726175506982957, 0.19891608170123642, 0.20505189648387667, 0.21553048908220174, 0.23012564283750725, 0.24853073720700214, 0.27036602335168303, 0.2951856853253455, 0.32248429931714184, 0.35170230339953512, 0.38223009023472743, 0.41341033519110326, 0.44453817232259463, 0.474858830662933, 0.50356234328703986, 0.52977494159255489, 0.5525467472525244, 0.57083537429299958, 0.58348505374701187, 0.58920089333707415, 0.58651788463935317, 0.57376427018110754, 0.5490188829238295, 0.51006207058478303
