times
0, 0.000278949737549, 0.000868082046509, 0.0015561580658, 0.119062185287, 1.02144408226, 1.02246212959, 1.02305316925, 1.7747130394, 1.77570104599, 2.07495212555, 2.07596516609, 2.07682919502, 2.22600483894, 2.2264289856, 2.22745084763, 2.2279188633, 2.52673602104, 2.52735114098, 2.52738690376, 2.52832794189, 2.52959513664, 3.1303088665, 3.1314330101, 3.43047618866, 3.43136000633, 3.49193811417, 3.73395299911, 3.73471212387, 3.73545312881, 3.88350486755, 4.6353430748, 4.63628005981, 4.63696813583, 4.78597402573, 4.78657412529, 5.08895111084, 5.08967399597, 5.23867201805, 5.23982906342, 5.38866019249, 5.38966298103, 5.39068603516, 5.54014396667, 5.54107093811, 6.14263820648, 6.14354419708, 6.14430999756, 6.44355082512, 6.44445586205, 6.89531707764, 6.89588999748, 6.89694213867, 7.50018405914, 7.5008699894, 7.50164794922, 7.64883708954, 7.65019202232, 7.65106415749, 7.80123710632, 7.95075583458, 7.95195484161, 8.10192608833, 8.10297012329, 8.70383000374, 8.70392584801, 8.70496988297, 8.76928710938, 8.77076601982, 9.00472998619, 9.00555920601, 9.00712919235, 9.30740809441, 9.90769815445, 9.90876698494, 9.90955400467
start_prob
place
probs
0.0, 0.5861111111111111, 0.6419444444444444, 0.7252777777777778, 0.35885620915032684, 0.28884132819794583, 0.23558045863272845, 0.23119057768034748, 0.2226121463077985, 0.26400103519668733, 0.25507246376811593, 0.14166666666666666, 0.18333333333333335, 0.14166666666666666, 0.14166666666666666, 0.14166666666666666, 0.1486111111111111, 0.16904761904761903, 0.3982142857142857, 0.3982142857142857, 0.3982142857142857, 0.3892857142857143, 0.5976190476190476, 0.5976190476190476, 0.5688492063492063, 0.46468253968253964, 0.4515873015873016, 0.24325396825396825, 0.21547619047619046, 0.1529761904761905, 0.12522321428571428, 0.12522321428571428, 0.3103882706464229, 0.3476650563607086, 0.42058172302737523, 0.41132246376811593, 0.3384057971014493, 0.3661835748792271, 0.3317391304347826, 0.2692391304347826, 0.4132342284739983, 0.28593954248366016, 0.27165382819794587, 0.12765873015873017, 0.12765873015873017, 0.17252480158730157, 0.33919146825396823, 0.34789682539682537, 0.48331349206349206, 0.48331349206349206, 0.45454365079365083, 0.2809325396825397, 0.26069444444444445, 0.2692728758169935, 0.18593954248366015, 0.4606617647058824, 0.4356617647058824, 0.4865675618073317, 0.505838395140665, 0.4925199427597126, 0.4925199427597126, 0.5029366094263793, 0.5157011596909294, 0.309682641172411, 0.3043254983152681, 0.15619747899159664, 0.15619747899159664, 0.2698879551820728, 0.19607843137254902, 0.052083333333333336, 0.010416666666666666, 0.010416666666666666, 0.010416666666666666, 0.010416666666666666, 0.010416666666666666, 0.010416666666666666
times_polyfit
0.0, 0.1981910800934, 0.3963821601868, 0.5945732402802, 0.7927643203736, 0.990955400467, 1.1891464805604, 1.3873375606538, 1.5855286407472, 1.7837197208406, 1.981910800934, 2.1801018810274, 2.3782929611208, 2.5764840412142, 2.7746751213076, 2.972866201401, 3.1710572814944, 3.3692483615878, 3.5674394416812, 3.7656305217746002, 3.963821601868, 4.1620126819614, 4.3602037620548, 4.5583948421482, 4.7565859222416, 4.954777002335, 5.1529680824284, 5.3511591625218005, 5.5493502426152, 5.7475413227086, 5.945732402802, 6.1439234828954, 6.3421145629888, 6.5403056430822, 6.7384967231756, 6.936687803269, 7.1348788833624, 7.3330699634558, 7.5312610435492005, 7.7294521236426, 7.927643203736, 8.1258342838294, 8.3240253639228, 8.5222164440162, 8.7204075241096, 8.918598604203, 9.1167896842964, 9.3149807643898, 9.5131718444832, 9.7113629245766, 9.90955400467
prob_polyfit
0.47270208073133912, 0.43135486743317469, 0.3752480172667596, 0.31714513079380491, 0.26553290429214133, 0.22547285499302977, 0.19934962622941671, 0.18752265578153782, 0.18888783379967899, 0.20135561977731004, 0.22225193114121078, 0.24864795911861692, 0.2776249106348132, 0.30647951808802631, 0.33287600194183059, 0.35495001416874966, 0.37136993367210275, 0.38136072790650433, 0.38469543801097761, 0.38165918786187414, 0.37299046054630325, 0.35980422885015784, 0.34350136944823761, 0.32566863357730125, 0.30797329006650087, 0.29205639969269315, 0.2794285229217861, 0.27137150619095118, 0.26884983497914672, 0.27243488500752533, 0.28224524600448697, 0.29790613556367784, 0.318530763715558, 0.34272635192918888, 0.3686273533511224, 0.39395826418302116, 0.41612825919545582, 0.43235972746249085, 0.4398526275040151, 0.4359864241056568, 0.4185612121912119, 0.38607947620260585, 0.3380697765513756, 0.27545349778163897, 0.20095563619467049, 0.11956044776853281, 0.03901262029614383, -0.029635523224477156, -0.071430439839895277, -0.066877207322203702, 0.0087472460266879715
grasp
probs
0.0, 0.6561011904761935, 0.8388888888888589, 0.761507936507904, 0.3865079365079041, 0.3172446514837661, 0.3090665976535399, 0.3047187715665765, 0.3047187715665765, 0.29881599378883916, 0.33353821601105554, 0.20977182539682682, 0.20699404761904516, 0.1653273809523785, 0.1653273809523785, 0.1653273809523785, 0.17088293650793404, 0.21552579365076932, 0.40004960317460264, 0.40004960317460264, 0.40004960317460264, 0.4086805555555067, 0.61701388888884, 0.61701388888884, 0.5918974292615641, 0.49517123878537045, 0.4783234126984168, 0.2821428571428431, 0.2821428571428431, 0.17782738095236997, 0.14310515873013804, 0.14310515873013804, 0.2004032953761701, 0.24762551759839235, 0.30838940648729946, 0.27862750172532824, 0.2057108350586616, 0.2057108350586616, 0.21349853347128978, 0.20109773982049495, 0.33651440648716163, 0.20183531746031735, 0.18100198412698598, 0.04558531746031932, 0.04558531746031932, 0.06463293650794377, 0.18963293650794377, 0.1965773809523785, 0.3319940476190451, 0.3319940476190451, 0.36689742926156405, 0.27463552449966405, 0.253621031746034, 0.253621031746034, 0.33100198412698884, 0.4424107142857048, 0.43963293650793084, 0.49593900966182397, 0.4848278985507089, 0.47389794685989645, 0.47389794685989645, 0.47389794685989645, 0.47500215665966855, 0.37019064872319873, 0.3649370255347832, 0.23174603174602867, 0.23174603174602867, 0.3368055555555653, 0.2604166666666667, 0.125, 0.08333333333333333, 0.08333333333333333, 0.08333333333333333, 0.08333333333333333, 0.08333333333333333, 0.08333333333333333
times_polyfit
0.0, 0.1981910800934, 0.3963821601868, 0.5945732402802, 0.7927643203736, 0.990955400467, 1.1891464805604, 1.3873375606538, 1.5855286407472, 1.7837197208406, 1.981910800934, 2.1801018810274, 2.3782929611208, 2.5764840412142, 2.7746751213076, 2.972866201401, 3.1710572814944, 3.3692483615878, 3.5674394416812, 3.7656305217746002, 3.963821601868, 4.1620126819614, 4.3602037620548, 4.5583948421482, 4.7565859222416, 4.954777002335, 5.1529680824284, 5.3511591625218005, 5.5493502426152, 5.7475413227086, 5.945732402802, 6.1439234828954, 6.3421145629888, 6.5403056430822, 6.7384967231756, 6.936687803269, 7.1348788833624, 7.3330699634558, 7.5312610435492005, 7.7294521236426, 7.927643203736, 8.1258342838294, 8.3240253639228, 8.5222164440162, 8.7204075241096, 8.918598604203, 9.1167896842964, 9.3149807643898, 9.5131718444832, 9.7113629245766, 9.90955400467
prob_polyfit
0.5371295493934215, 0.5226894582586552, 0.47101525063889599, 0.40489946172207553, 0.33984989755015205, 0.28555764108480963, 0.24717714761581755, 0.22643233915439381, 0.22256216627790315, 0.23311866471619141, 0.25463009279385596, 0.28314129466671556, 0.31464299311472105, 0.34540127447757885, 0.37219808714322555, 0.39249313382344769, 0.40451709667473879, 0.40730569314656323, 0.40068361926322704, 0.38520699586941343, 0.36207249219344856, 0.33300085990654904, 0.30010216967986031, 0.2657296010654368, 0.23232819535152927, 0.20228453986533218, 0.17778291102223365, 0.16067296224263417, 0.15235360168283046, 0.15367726354988415, 0.16487833559387144, 0.18552906419578857, 0.21452581729368736, 0.25010814421041089, 0.28991263027723058, 0.33106310296129565, 0.37029830504134476, 0.4041377091859446, 0.42908570712867566, 0.44187396543994972, 0.43974129874198109, 0.42074997000782044, 0.3841368864455964, 0.33069771825449079, 0.26320152639781313, 0.1868330443374947, 0.10965931750869018, 0.043116963143733811, 0.0025158718556653747, 0.0075547312493572383, 0.082843310615728472
cut
probs
0.0, 0.6004965867466681, 0.5233445720945469, 0.5650112387613385, 0.3127763902764625, 0.25893023643030866, 0.34810606060601357, 0.34810606060601357, 0.3262604493207894, 0.2429271159875811, 0.22626044932091446, 0.06916274817148411, 0.06916274817148411, 0.06916274817148411, 0.06916274817148411, 0.06916274817148411, 0.07300890201763797, 0.06916274817148411, 0.21471283027327437, 0.21471283027327437, 0.21471283027327437, 0.21260660316704727, 0.34335372960383514, 0.35168706293716845, 0.39335372960383513, 0.30954420579443304, 0.3056980519482792, 0.17691017316046154, 0.15191017316036154, 0.30392482517495145, 0.26225815850828477, 0.25392482517495146, 0.5157196969697847, 0.5612325174826052, 0.5546037296037561, 0.4772227772228037, 0.4772227772228037, 0.5022227772229038, 0.26710372960385614, 0.27305611055623713, 0.43498792873800673, 0.2719378466361955, 0.22642502612337498, 0.06916274817148411, 0.07749608150481745, 0.10812794963668372, 0.2545937826542469, 0.24177326983373407, 0.3725203962705219, 0.3641870629371886, 0.38502039627050183, 0.24168706293718947, 0.22502039627052284, 0.25153554778562576, 0.2098688811188341, 0.2098688811188341, 0.18102272727268023, 0.3478084415583946, 0.3516545954045484, 0.3478084415583946, 0.3478084415583946, 0.3478084415583946, 0.35852272727268025, 0.5311417748917279, 0.5183212620712151, 0.3612235609217847, 0.3612235609217847, 0.44872356092178295, 0.3653902275884496, 0.20812794963655876, 0.18459378265412277, 0.18459378265412277, 0.16666666666666666, 0.16666666666666666, 0.16666666666666666, 0.16666666666666666
times_polyfit
0.0, 0.1981910800934, 0.3963821601868, 0.5945732402802, 0.7927643203736, 0.990955400467, 1.1891464805604, 1.3873375606538, 1.5855286407472, 1.7837197208406, 1.981910800934, 2.1801018810274, 2.3782929611208, 2.5764840412142, 2.7746751213076, 2.972866201401, 3.1710572814944, 3.3692483615878, 3.5674394416812, 3.7656305217746002, 3.963821601868, 4.1620126819614, 4.3602037620548, 4.5583948421482, 4.7565859222416, 4.954777002335, 5.1529680824284, 5.3511591625218005, 5.5493502426152, 5.7475413227086, 5.945732402802, 6.1439234828954, 6.3421145629888, 6.5403056430822, 6.7384967231756, 6.936687803269, 7.1348788833624, 7.3330699634558, 7.5312610435492005, 7.7294521236426, 7.927643203736, 8.1258342838294, 8.3240253639228, 8.5222164440162, 8.7204075241096, 8.918598604203, 9.1167896842964, 9.3149807643898, 9.5131718444832, 9.7113629245766, 9.90955400467
prob_polyfit
0.40605934376981073, 0.39347686489296646, 0.38316367645916277, 0.3680135672868981, 0.34543496667494422, 0.31588125219716418, 0.28166727417986293, 0.2460397043239724, 0.21247048934575297, 0.18414436392108349, 0.1636130506297874, 0.15259044800782778, 0.15186478122660224, 0.16130536332991274, 0.17994328837063578, 0.20610705120039474, 0.23759576207709171, 0.27187429766629306, 0.30627640342415374, 0.33820343576056411, 0.36530810579309392, 0.38565425991307639, 0.39784540579714073, 0.40111636590861732, 0.39538411394426154, 0.3812555230940608, 0.35999142839247994, 0.33342807885074743, 0.30385872847209422, 0.27387978866232515, 0.24620763796014949, 0.22347385842265083, 0.2080083414118527, 0.20162137894297688, 0.20539753016088053, 0.21951572592960206, 0.24311174792218831, 0.27420089202065218, 0.30968029923712243, 0.34543211078240915, 0.3765502773238108, 0.39771552587801312, 0.40374466120070424, 0.39034205194349442, 0.35508282526998908, 0.29865896700916378, 0.22642119787019804, 0.15025116962571222, 0.090800198594882586, 0.080132427164837094, 0.1648119775160603
trans_prob
place
probs
0.0, 0.513888888888889, 0.6666666666666666, 0.75, 0.75, 0.75, 0.6111111111111112, 0.6111111111111112, 0.40277777777777785, 0.5, 0.5, 0.5, 0.4444444444444445, 0.4166666666666667, 0.4166666666666667, 0.4166666666666667, 0.4166666666666667, 0.4166666666666667, 0.4166666666666667, 0.4166666666666667, 0.4166666666666667, 0.625, 0.625, 0.625, 0.5, 0.3333333333333333, 0.25, 0.25, 0.19047619047615985, 0.023809523809493197, 0.10714285714282652, 0.10714285714282652, 0.2738095238094932, 0.2738095238094932, 0.2868303571428376, 0.2868303571428376, 0.48214285714282656, 0.4583333333333333, 0.4583333333333333, 0.4583333333333333, 0.4583333333333333, 0.4583333333333333, 0.4305555555555, 0.4305555555555, 0.4305555555555, 0.6666666666666666, 0.4583333333333333, 0.375, 0.375, 0.375, 0.4583333333333333, 0.2916666666666667, 0.2916666666666667, 0.08333333333333333, 0.16666666666666666, 0.16666666666666666, 0.16666666666666666, 0.3333333333333333, 0.25, 0.25, 0.25, 0.2604166666666667, 0.2604166666666667, 0.4270833333333333, 0.4270833333333333, 0.6354166666666666, 0.6354166666666666, 0.6354166666666666, 0.6354166666666666, 0.6354166666666666, 0.5312499999998438, 0.5520833333332266, 0.7604166666665599, 0.8645833333333828, 0.8645833333333828, 0.8645833333333828
times_polyfit
0.0, 0.1981910800934, 0.3963821601868, 0.5945732402802, 0.7927643203736, 0.990955400467, 1.1891464805604, 1.3873375606538, 1.5855286407472, 1.7837197208406, 1.981910800934, 2.1801018810274, 2.3782929611208, 2.5764840412142, 2.7746751213076, 2.972866201401, 3.1710572814944, 3.3692483615878, 3.5674394416812, 3.7656305217746002, 3.963821601868, 4.1620126819614, 4.3602037620548, 4.5583948421482, 4.7565859222416, 4.954777002335, 5.1529680824284, 5.3511591625218005, 5.5493502426152, 5.7475413227086, 5.945732402802, 6.1439234828954, 6.3421145629888, 6.5403056430822, 6.7384967231756, 6.936687803269, 7.1348788833624, 7.3330699634558, 7.5312610435492005, 7.7294521236426, 7.927643203736, 8.1258342838294, 8.3240253639228, 8.5222164440162, 8.7204075241096, 8.918598604203, 9.1167896842964, 9.3149807643898, 9.5131718444832, 9.7113629245766, 9.90955400467
prob_polyfit
0.5156035443050434, 0.62201704123724877, 0.67045689475259107, 0.68231651337291988, 0.67237443037020173, 0.65041411725552345, 0.6225598110695213, 0.59235963861073537, 0.56164569312742907, 0.53119909138744592, 0.50124641142971871, 0.47181228369006656, 0.44295128058296818, 0.41488062201002174, 0.3880335866548289, 0.36305189131314075, 0.340733672895977, 0.32195208013273036, 0.30755785438999672, 0.29827765141111862, 0.29461822817050243, 0.29678499142545578, 0.30462177693793546, 0.31757710072680345, 0.3347004961011818, 0.35467092261389077, 0.37585760546263602, 0.3964120362571647, 0.41438823845775652, 0.42788677318070001, 0.43521633345461208, 0.4350651474022077, 0.42667278320853452, 0.40999132112712211, 0.38582323016618247, 0.35592165948124255, 0.3230372268977374, 0.29089375936345629, 0.26407381253822415, 0.24779316909246518, 0.24754188770523211, 0.26856784711086779, 0.31517710195673143, 0.38982373961012151, 0.49196029944110464, 0.61661818851750916, 0.75268589999513413, 0.88085121291768342, 0.97117192452115308, 0.98023803849946234, 0.84788670509841702
grasp
probs
0.0, 0.6071886446885992, 0.9416666666666217, 0.9416666666666217, 0.9416666666666217, 0.9416666666666217, 0.7333333333332884, 0.7333333333332884, 0.524999999999955, 0.7333333333332884, 0.7333333333332884, 0.524999999999955, 0.44166666666662163, 0.44166666666662163, 0.44166666666662163, 0.4166666666666667, 0.4166666666666667, 0.4166666666666667, 0.4166666666666667, 0.4166666666666667, 0.4166666666666667, 0.4166666666666667, 0.4166666666666667, 0.4166666666666667, 0.4166666666666667, 0.25, 0.25, 0.25, 0.16666666666666666, 0.16666666666666666, 0.25, 0.25, 0.4166666666666667, 0.4166666666666667, 0.45833333333343335, 0.45833333333343335, 0.625, 0.625, 0.4583333333333333, 0.4583333333333333, 0.4583333333333333, 0.4583333333333333, 0.375, 0.375, 0.375, 0.375, 0.375, 0.375, 0.375, 0.375, 0.375, 0.20833333333333334, 0.20833333333333334, 0.0, 0.08333333333333333, 0.08333333333333333, 0.16666666666666666, 0.3333333333333333, 0.25, 0.25, 0.25, 0.25, 0.25, 0.25, 0.25, 0.25, 0.25, 0.25, 0.25, 0.25, 0.25, 0.3333333333333333, 0.5416666666666666, 0.75, 0.75, 0.75
times_polyfit
0.0, 0.1981910800934, 0.3963821601868, 0.5945732402802, 0.7927643203736, 0.990955400467, 1.1891464805604, 1.3873375606538, 1.5855286407472, 1.7837197208406, 1.981910800934, 2.1801018810274, 2.3782929611208, 2.5764840412142, 2.7746751213076, 2.972866201401, 3.1710572814944, 3.3692483615878, 3.5674394416812, 3.7656305217746002, 3.963821601868, 4.1620126819614, 4.3602037620548, 4.5583948421482, 4.7565859222416, 4.954777002335, 5.1529680824284, 5.3511591625218005, 5.5493502426152, 5.7475413227086, 5.945732402802, 6.1439234828954, 6.3421145629888, 6.5403056430822, 6.7384967231756, 6.936687803269, 7.1348788833624, 7.3330699634558, 7.5312610435492005, 7.7294521236426, 7.927643203736, 8.1258342838294, 8.3240253639228, 8.5222164440162, 8.7204075241096, 8.918598604203, 9.1167896842964, 9.3149807643898, 9.5131718444832, 9.7113629245766, 9.90955400467
prob_polyfit
0.66412419014354895, 0.74973407010864501, 0.81259890369303267, 0.84892027092162725, 0.8584224037952386, 0.8433278218755772, 0.80750329625430028, 0.75575968602224286, 0.69328992575648174, 0.62523017694436434, 0.55632989066514449, 0.49071726325134757, 0.43174730105349701, 0.38192044483331256, 0.34286043871201299, 0.31534086300181541, 0.29935048465024694, 0.29418831342838614, 0.29857998639560657, 0.31080783757490871, 0.32884774417450691, 0.3505065750926063, 0.37355480184411805, 0.39584956644931457, 0.41544423522584661, 0.43068120182760816, 0.44026543727442513, 0.44331701911918431, 0.43940160629947733, 0.42853856062327711, 0.41118715023885721, 0.38821200484092822, 0.36082972676693437, 0.3305392965381454, 0.29903964580201359, 0.2681385050347983, 0.23965736776216839, 0.21533814746014757, 0.1967578376993705, 0.1852582204948886, 0.18189840222774734, 0.18743869090706944, 0.20236506293799683, 0.22696420196840517, 0.26145982678472268, 0.3062217596256146, 0.36205992070116799, 0.43061616907299338, 0.51486764449400624, 0.61975599917041346, 0.7529576428378294
cut
probs
0.0, 0.625, 0.5897435897435017, 0.6314102564102934, 0.36291649526958863, 0.36291649526958863, 0.551767676768017, 0.49294414735622455, 0.45506535947743215, 0.23284313725499928, 0.2916666666667917, 0.2916666666667917, 0.2361111111112361, 0.20833333333345835, 0.20833333333345835, 0.20833333333345835, 0.20833333333345835, 0.20833333333345835, 0.20833333333345835, 0.20833333333345835, 0.20833333333345835, 0.20833333333345835, 0.20833333333345835, 0.21666666666679169, 0.21666666666679169, 0.11862745098062788, 0.11862745098062788, 0.11862745098062788, 0.09362745098052788, 0.26029411764719457, 0.3436274509805279, 0.3352941176471946, 0.4333333333333583, 0.4333333333333583, 0.4333333333333583, 0.4333333333333583, 0.4333333333333583, 0.4583333333334583, 0.2916666666667917, 0.2916666666667917, 0.500000000000125, 0.500000000000125, 0.4166666666667917, 0.4166666666667917, 0.425000000000125, 0.425000000000125, 0.425000000000125, 0.425000000000125, 0.25833333333355835, 0.250000000000225, 0.250000000000225, 0.1519607843140612, 0.1519607843140612, 0.11029411764729453, 0.06862745098050288, 0.06862745098050288, 0.15196078431383622, 0.25, 0.16666666666666666, 0.16666666666666666, 0.16666666666666666, 0.16666666666666666, 0.16666666666666666, 0.3333333333333333, 0.3333333333333333, 0.3333333333333333, 0.3333333333333333, 0.3333333333333333, 0.3333333333333333, 0.3333333333333333, 0.3333333333333333, 0.4166666666666667, 0.45833333333343335, 0.45833333333343335, 0.45833333333343335, 0.45833333333343335
times_polyfit
0.0, 0.1981910800934, 0.3963821601868, 0.5945732402802, 0.7927643203736, 0.990955400467, 1.1891464805604, 1.3873375606538, 1.5855286407472, 1.7837197208406, 1.981910800934, 2.1801018810274, 2.3782929611208, 2.5764840412142, 2.7746751213076, 2.972866201401, 3.1710572814944, 3.3692483615878, 3.5674394416812, 3.7656305217746002, 3.963821601868, 4.1620126819614, 4.3602037620548, 4.5583948421482, 4.7565859222416, 4.954777002335, 5.1529680824284, 5.3511591625218005, 5.5493502426152, 5.7475413227086, 5.945732402802, 6.1439234828954, 6.3421145629888, 6.5403056430822, 6.7384967231756, 6.936687803269, 7.1348788833624, 7.3330699634558, 7.5312610435492005, 7.7294521236426, 7.927643203736, 8.1258342838294, 8.3240253639228, 8.5222164440162, 8.7204075241096, 8.918598604203, 9.1167896842964, 9.3149807643898, 9.5131718444832, 9.7113629245766, 9.90955400467
prob_polyfit
0.45217164772986157, 0.4053460700453842, 0.40610807816631, 0.42544706465133508, 0.44482676562757084, 0.45373283191751534, 0.44759623813460342, 0.42605753035197907, 0.3915384404685221, 0.34808892291557908, 0.30047919686721541, 0.2535079046362218, 0.21149902445753316, 0.17796170338003331, 0.15538870350719453, 0.14517068234641867, 0.14760505554618647, 0.16197971781975101, 0.18671342537330798, 0.21953617067605719, 0.25769440792905635, 0.29816751510883338, 0.33788340598180516, 0.37392273300392048, 0.40370264954029972, 0.42513262735874807, 0.43673635287033491, 0.43773525310836042, 0.4280907299605427, 0.40850370868254554, 0.38037163424648929, 0.3457045765912436, 0.30700363336870179, 0.26710634629108204, 0.2290053747071758, 0.19564819756246971, 0.16972714239751457, 0.15347056758500827, 0.14844755150199468, 0.15539996986554344, 0.17411736997673838, 0.20337157814049694, 0.24092950403370267, 0.28366413334289259, 0.32778522747262334, 0.36921277668361213, 0.40411778051581487, 0.42965645686721249, 0.44492550865203467, 0.45216760442114529, 0.45825775693817222
