times
0, 0.000342130661011, 0.000364065170288, 0.000599145889282, 0.0539770126343, 0.0546021461487, 0.0558590888977, 0.206557035446, 0.208441019058, 0.209541082382, 0.807284116745, 0.957338094711, 0.95846414566, 1.10745000839, 1.1077709198, 1.10865306854, 1.10983610153, 1.55847096443, 1.5594060421, 1.56057095528, 1.71152901649, 2.61236715317, 2.61298704147, 2.67726802826, 2.76351904869, 2.76474094391, 3.06320595741, 3.06378817558, 3.06508398056, 3.51656508446, 3.51691794395, 3.51786494255, 3.66592097282, 3.66701698303, 3.66862511635, 3.81738805771, 3.81843996048, 4.27089095116, 4.87342000008, 9.24180912971, 9.24234104156, 9.24350500107, 9.69507312775, 9.6961619854, 9.69694304466, 10.1456820965, 10.1464951038, 10.147922039, 10.2958831787, 10.2979359627, 10.3010430336, 10.5969538689, 10.8988659382, 11.3492851257, 11.3498420715, 11.350520134, 11.4999189377, 11.5003051758, 11.6507821083, 12.1023631096, 12.1034290791, 12.2524671555, 12.2532579899, 12.2541460991
start_prob
pour_water
probs
0.0, 0.4675750487334755, 0.22757504873291554, 0.21271578947363298, 0.10639999999997671, 0.07439999999997671, 0.07439999999997671, 0.07439999999997671, 0.20773333333331004, 0.20773333333331004, 0.20773333333331004, 0.20773333333331004, 0.07439999999997671, 0.1410666666666434, 0.1410666666666434, 0.20163809523811196, 0.2044451127819771, 0.13777844611531043, 0.2925403508773852, 0.32973333333352006, 0.3964000000001867, 0.4370867167920041, 0.2957533834586288, 0.3243999999999767, 0.25773333333331006, 0.365659259259278, 0.30703770537457165, 0.39478206627716733, 0.4300702868285403, 0.48322818156536845, 0.48322818156536845, 0.3727625730994465, 0.36744928989143183, 0.25313350041773364, 0.28178011695908156, 0.2286222222222534, 0.24029629629635077, 0.18167474241164444, 0.42167474241220443, 0.38573400167146077, 0.5896688387645747, 0.6025009189650758, 0.6025009189650758, 0.6025009189650758, 0.4305263157900112, 0.44433583959953504, 0.33802005012587877, 0.24000000000056002, 0.24000000000056002, 0.37333333333389335, 0.40190476190532193, 0.37333333333389335, 0.4053333333338934, 0.37333333333389335, 0.37333333333389335, 0.27200000000056, 0.27200000000056, 0.24000000000056002, 0.24000000000056002, 0.24000000000056002, 0.24000000000056002, 0.24000000000056002, 0.24000000000056002, 0.24000000000056002
times_polyfit
0.0, 0.245082921982, 0.490165843964, 0.735248765946, 0.980331687928, 1.22541460991, 1.470497531892, 1.7155804538739998, 1.960663375856, 2.205746297838, 2.45082921982, 2.695912141802, 2.940995063784, 3.186077985766, 3.4311609077479996, 3.6762438297299997, 3.921326751712, 4.166409673694, 4.411492595676, 4.656575517658, 4.90165843964, 5.1467413616219995, 5.391824283604, 5.636907205586, 5.881990127568, 6.12707304955, 6.372155971532, 6.617238893514, 6.862321815495999, 7.107404737477999, 7.3524876594599995, 7.597570581442, 7.842653503424, 8.087736425406, 8.332819347388, 8.57790226937, 8.822985191352, 9.068068113334, 9.313151035316, 9.558233957298, 9.80331687928, 10.048399801261999, 10.293482723243999, 10.538565645225999, 10.783648567208, 11.02873148919, 11.273814411172, 11.518897333154, 11.763980255136, 12.009063177118, 12.2541460991
prob_polyfit
0.19086995957134789, 0.11849042951733582, 0.10338774805822173, 0.12405822433382691, 0.1641608978697896, 0.21171427588470393, 0.25836840216264712, 0.29874895185658135, 0.32987004848376167, 0.35061250126992161, 0.36126416289465269, 0.36311910958602378, 0.35813234740814415, 0.348626750481003, 0.33704893876755726, 0.32577080495871003, 0.31693340188239216, 0.31232990375870551, 0.31332435651865365, 0.32080293429956619, 0.33515442112620608, 0.35627663868185744, 0.38360554296963612, 0.41616371455954537, 0.45262496901313076, 0.49139181597218462, 0.53068249729448524, 0.56862433651512223, 0.60335013380665892, 0.6330943425086768, 0.65628576519077741, 0.67163350911118291, 0.67820294282662852, 0.67547839760539174, 0.66340935919333832, 0.64243689737219034, 0.61349708265508918, 0.577998141347698, 0.53776810211106962, 0.49496968904791405, 0.45197921823557685, 0.41122625652463185, 0.37499080331237966, 0.34515475790379746, 0.32290443696102766, 0.30838090844114419, 0.30027491032447262, 0.29536312431085499, 0.28798257658660642, 0.26943993963244495, 0.22735251095682063
grasp_top
probs
0.0, 0.4714393162393163, 0.738105982905983, 0.6047726495726496, 0.4262393162393162, 0.5866666666666667, 0.5561904761904349, 0.5561904761904349, 0.4620594220593807, 0.4620594220593807, 0.46392608872604735, 0.4620594220593807, 0.36285714285710147, 0.4145904761904349, 0.418693040292999, 0.43423333333333336, 0.40220952380952174, 0.3504761904761884, 0.4445502645502625, 0.37407407407407406, 0.42580740740740736, 0.5058074074074075, 0.3450666666666667, 0.32147692307692305, 0.26974358974358975, 0.28307692307692306, 0.28380952380952174, 0.40380952380952173, 0.4, 0.4666666666666667, 0.2, 0.2, 0.22666666666666666, 0.09333333333333332, 0.06974358974358975, 0.003076923076923077, 0.1364102564102564, 0.1371428571428551, 0.1371428571428551, 0.017142857142855076, 0.1371428571428551, 0.16, 0.16, 0.16, 0.29333333333333333, 0.2964102564102564, 0.1630769230769231, 0.13333333333333333, 0.13333333333333333, 0.24074074074074076, 0.24074074074074076, 0.2674074074074074, 0.2607407407407407, 0.24074074074074076, 0.274074074074074, 0.1841025641025641, 0.1841025641025641, 0.22666666666666666, 0.22666666666666666, 0.13333333333333333, 0.13333333333333333, 0.13333333333333333, 0.13333333333333333, 0.13333333333333333
times_polyfit
0.0, 0.245082921982, 0.490165843964, 0.735248765946, 0.980331687928, 1.22541460991, 1.470497531892, 1.7155804538739998, 1.960663375856, 2.205746297838, 2.45082921982, 2.695912141802, 2.940995063784, 3.186077985766, 3.4311609077479996, 3.6762438297299997, 3.921326751712, 4.166409673694, 4.411492595676, 4.656575517658, 4.90165843964, 5.1467413616219995, 5.391824283604, 5.636907205586, 5.881990127568, 6.12707304955, 6.372155971532, 6.617238893514, 6.862321815495999, 7.107404737477999, 7.3524876594599995, 7.597570581442, 7.842653503424, 8.087736425406, 8.332819347388, 8.57790226937, 8.822985191352, 9.068068113334, 9.313151035316, 9.558233957298, 9.80331687928, 10.048399801261999, 10.293482723243999, 10.538565645225999, 10.783648567208, 11.02873148919, 11.273814411172, 11.518897333154, 11.763980255136, 12.009063177118, 12.2541460991
prob_polyfit
0.49475709934058187, 0.45887165169689842, 0.44022868721241892, 0.4318382450220587, 0.42840021628734437, 0.42602598727066265, 0.4219926925029136, 0.41452753647122054, 0.4026197420339353, 0.385857783550758, 0.3642896624963779, 0.3383040831066263, 0.30853048538671002, 0.27575599259168926, 0.24085743006994065, 0.20474667214092512, 0.16832767345917932, 0.13246364109702558, 0.097952903359062593, 0.06551213112212062, 0.035765667274927027, 0.0092398196122759346, -0.013638927680798885, -0.032542729038992579, -0.047239064324053226, -0.057586042952522787, -0.063526971085922757, -0.065084727845240886, -0.062356396730638863, -0.055508498647037774, -0.044773073155297327, -0.030444754788525152, -0.012878891492063671, 0.0075093475344387706, 0.03024502709582122, 0.054792916642927736, 0.080556728362277008, 0.10687857455609562, 0.13303919593896896, 0.15825961225546425, 0.18170494640514723, 0.20249127304204428, 0.21969644239374042, 0.23237592983071176, 0.23958486149069858, 0.24040746605047314, 0.23399530251158485, 0.21961571365247279, 0.19671205457418628, 0.16497734555641941, 0.1244430982081064
place_top
probs
0.0, 0.3280532401895247, 0.574207086343348, 0.4408737530100148, 0.30754041967668144, 0.3561286549707591, 0.32866666666662725, 0.32866666666662725, 0.35333333333333333, 0.35333333333333333, 0.35333333333333333, 0.35333333333333333, 0.27921568627450316, 0.3225490196078365, 0.31, 0.319411764705883, 0.34717004930622813, 0.3038367159728948, 0.3810916179336784, 0.35333333333333333, 0.39666666666666667, 0.49771929824564726, 0.35771929824564724, 0.31, 0.26666666666666666, 0.27607843137254967, 0.36348583877990964, 0.48740740740735994, 0.4, 0.4666666666666667, 0.2, 0.2, 0.24771929824564728, 0.11438596491231395, 0.06666666666666667, 0.0, 0.13333333333333333, 0.22074074074069333, 0.24125356125353656, 0.2506653259594196, 0.32125356125353655, 0.3005128205128432, 0.3438461538461766, 0.3438461538461766, 0.39717948717950985, 0.3968987854250996, 0.3968987854250996, 0.33051282051284325, 0.2871794871795099, 0.24051282051284323, 0.24051282051284323, 0.2582905982906566, 0.2674801407742691, 0.24051282051284323, 0.2530618401206797, 0.16725791855205957, 0.16725791855205957, 0.16584615384616216, 0.16584615384616216, 0.15384615384617656, 0.15384615384617656, 0.15384615384617656, 0.15384615384617656, 0.15384615384617656
times_polyfit
0.0, 0.245082921982, 0.490165843964, 0.735248765946, 0.980331687928, 1.22541460991, 1.470497531892, 1.7155804538739998, 1.960663375856, 2.205746297838, 2.45082921982, 2.695912141802, 2.940995063784, 3.186077985766, 3.4311609077479996, 3.6762438297299997, 3.921326751712, 4.166409673694, 4.411492595676, 4.656575517658, 4.90165843964, 5.1467413616219995, 5.391824283604, 5.636907205586, 5.881990127568, 6.12707304955, 6.372155971532, 6.617238893514, 6.862321815495999, 7.107404737477999, 7.3524876594599995, 7.597570581442, 7.842653503424, 8.087736425406, 8.332819347388, 8.57790226937, 8.822985191352, 9.068068113334, 9.313151035316, 9.558233957298, 9.80331687928, 10.048399801261999, 10.293482723243999, 10.538565645225999, 10.783648567208, 11.02873148919, 11.273814411172, 11.518897333154, 11.763980255136, 12.009063177118, 12.2541460991
prob_polyfit
0.35387052515559958, 0.2979558691435531, 0.28702730346641753, 0.30120970091838406, 0.32625544050566979, 0.35243489866467254, 0.37357939043085631, 0.38626312336552771, 0.3891113071418193, 0.38222214178535463, 0.36669098765921371, 0.34422560037699201, 0.31684189392187889, 0.28663027534384833, 0.2555831745012267, 0.2254749724070082, 0.19778611183448902, 0.17366375393097533, 0.15391192468233417, 0.1390046751655043, 0.12911635962011303, 0.12416371546449745, 0.1238550094756985, 0.12774209444695006, 0.13527180073058531, 0.14583366716826651, 0.15880159600454657, 0.17356759647433195, 0.18956636184807474, 0.20629000481418203, 0.22329285617022654, 0.24018681189103086, 0.25662829373355578, 0.27229846863458596, 0.28687895225101112, 0.30002580208311302, 0.31134518572414827, 0.32037468986269912, 0.32657481576536274, 0.32933578706312838, 0.32800537574934552, 0.32194403240459657, 0.31061418674496322, 0.29371116469682779, 0.27134374828260599, 0.24427298470401837, 0.21421843110857486, 0.18424160160639058, 0.15921696319860956, 0.1464014073989528, 0.15611370438117245
place
probs
0.0, 0.543030303030303, 0.27636363636363637, 0.14303030303030304, 0.009696969696969699, 0.05763347763357684, 0.051269841269940476, 0.051269841269940476, 0.09000000000000001, 0.09000000000000001, 0.09000000000000001, 0.09063063063063122, 0.008963963963966922, 0.051666666666669046, 0.04666666666666667, 0.09666666666666668, 0.12333333333333334, 0.08063063063063122, 0.1939639639639645, 0.20291501291503147, 0.24561771561773357, 0.2456621156620548, 0.13780497280491127, 0.11207070707072318, 0.06936800436802106, 0.1109336609336719, 0.1778800478800319, 0.33788004788003184, 0.26170289170291167, 0.3277389277389471, 0.3277389277389471, 0.2356177156177336, 0.27058275058268194, 0.1461383061382375, 0.12040404040404938, 0.05436800436801392, 0.1788124488124584, 0.24575883575881838, 0.512425502425485, 0.5657588357588185, 0.6013143913143738, 0.532409962409972, 0.5751126651126742, 0.5751126651126742, 0.6696364746364938, 0.7188672438672034, 0.5354545454544948, 0.5596969696969697, 0.5163636363636364, 0.6385858585858587, 0.5961616161616251, 0.5349961149961159, 0.48666666666666664, 0.5511111111111586, 0.491666666666669, 0.40476190476190865, 0.40476190476190865, 0.4288888888889364, 0.4295195195195676, 0.4006306306306312, 0.4006306306306312, 0.4, 0.4, 0.4
times_polyfit
0.0, 0.245082921982, 0.490165843964, 0.735248765946, 0.980331687928, 1.22541460991, 1.470497531892, 1.7155804538739998, 1.960663375856, 2.205746297838, 2.45082921982, 2.695912141802, 2.940995063784, 3.186077985766, 3.4311609077479996, 3.6762438297299997, 3.921326751712, 4.166409673694, 4.411492595676, 4.656575517658, 4.90165843964, 5.1467413616219995, 5.391824283604, 5.636907205586, 5.881990127568, 6.12707304955, 6.372155971532, 6.617238893514, 6.862321815495999, 7.107404737477999, 7.3524876594599995, 7.597570581442, 7.842653503424, 8.087736425406, 8.332819347388, 8.57790226937, 8.822985191352, 9.068068113334, 9.313151035316, 9.558233957298, 9.80331687928, 10.048399801261999, 10.293482723243999, 10.538565645225999, 10.783648567208, 11.02873148919, 11.273814411172, 11.518897333154, 11.763980255136, 12.009063177118, 12.2541460991
prob_polyfit
0.18540379960541031, 0.040117049142684047, 0.0011102957766321864, 0.020083660670873027, 0.064165684863237038, 0.11246450418138432, 0.15314315028085135, 0.18096946719357399, 0.19529335794955616, 0.19840630100903711, 0.19424030141706838, 0.18736566676718835, 0.18224922323537962, 0.18273681212021842, 0.19172613249978765, 0.21099822079048902, 0.24117808316758449, 0.28179722198197998, 0.3314330224822486, 0.38790219132570058, 0.44848766353708935, 0.5101806197473655, 0.56992148072134352, 0.62482597135468687, 0.67238457149960684, 0.71062589614857519, 0.73823677268375576, 0.75463400807288661, 0.75998506406595734, 0.75517708362471136, 0.74173593698852436, 0.72169918095572516, 0.69744905013612524, 0.67151382410208527, 0.64634813954241377, 0.62410504169446135, 0.60641479451390445, 0.59418769419828621, 0.5874603558799123, 0.58530716845346475, 0.58584083769190975, 0.58632816298373669, 0.58344941818452689, 0.57373193225913077, 0.55419069056613601, 0.52321100280109079, 0.48171050882659117, 0.43462001871728972, 0.39272490859113596, 0.37491101898683432, 0.41086122759940658
grasp
probs
0.0, 0.7349282296652273, 0.9454545454546645, 0.8155400155401298, 0.6164374514375645, 0.4204917879056841, 0.3472652432832704, 0.3472652432832704, 0.5156165012206233, 0.5174113730154967, 0.5380523986565219, 0.5147190653231886, 0.32921420237003146, 0.3734449716007994, 0.3538169674211301, 0.4042472737989809, 0.39000471086992666, 0.34577394163915864, 0.4619454712589345, 0.39085470085466506, 0.4350854700854331, 0.4350854700854331, 0.31431623931623337, 0.31431623931623337, 0.27008547008546535, 0.26666666666666666, 0.26898550724637565, 0.402318840579709, 0.4, 0.45230769230767986, 0.1856410256410132, 0.1890598290598119, 0.1890598290598119, 0.055726495726478566, 0.055726495726478566, 0.0034188034187986856, 0.13333333333333333, 0.13565217391304238, 0.19179252479027192, 0.0721344051321487, 0.20546773846548205, 0.20314889788577298, 0.24648223121910634, 0.24648223121910634, 0.3661403508772295, 0.3661403508772295, 0.2328070175438962, 0.2328070175438962, 0.18947368421056288, 0.3150913998282514, 0.3150913998282514, 0.3417580664949181, 0.41229516158380286, 0.4435762483130959, 0.3393338240706518, 0.23285926414798455, 0.23285926414798455, 0.21346532475396382, 0.21346532475396382, 0.18947368421056288, 0.18947368421056288, 0.18947368421056288, 0.18947368421056288, 0.18947368421056288
times_polyfit
0.0, 0.245082921982, 0.490165843964, 0.735248765946, 0.980331687928, 1.22541460991, 1.470497531892, 1.7155804538739998, 1.960663375856, 2.205746297838, 2.45082921982, 2.695912141802, 2.940995063784, 3.186077985766, 3.4311609077479996, 3.6762438297299997, 3.921326751712, 4.166409673694, 4.411492595676, 4.656575517658, 4.90165843964, 5.1467413616219995, 5.391824283604, 5.636907205586, 5.881990127568, 6.12707304955, 6.372155971532, 6.617238893514, 6.862321815495999, 7.107404737477999, 7.3524876594599995, 7.597570581442, 7.842653503424, 8.087736425406, 8.332819347388, 8.57790226937, 8.822985191352, 9.068068113334, 9.313151035316, 9.558233957298, 9.80331687928, 10.048399801261999, 10.293482723243999, 10.538565645225999, 10.783648567208, 11.02873148919, 11.273814411172, 11.518897333154, 11.763980255136, 12.009063177118, 12.2541460991
prob_polyfit
0.57969353556643455, 0.44145071640969452, 0.38862500581355919, 0.38329407389514442, 0.39913371352004079, 0.41891227809874421, 0.43235834707771903, 0.43436672415195288, 0.42350943300295651, 0.40081993514322511, 0.36882035422531168, 0.33076305095067449, 0.29005945249061549, 0.24987060010866147, 0.21283543845087305, 0.18091442974758598, 0.15532763594723376, 0.13656797157992306, 0.12447188992572888, 0.11833132483922659, 0.1170322703596689, 0.11920694001249554, 0.12338800748560974, 0.12815499014024478, 0.13226439659424916, 0.13475681939170681, 0.13503571355067923, 0.13291416155735103, 0.12862748515266098, 0.122811124033543, 0.11644476136896298, 0.11076523580835929, 0.1071523394338163, 0.10699316089077815, 0.11153219270504433, 0.12171598156330621, 0.13804266013468602, 0.16042825875880329, 0.18810325512165615, 0.21955437981832127, 0.25252825546134972, 0.28411500679719381, 0.3109315390381564, 0.32942574143369185, 0.33632443283797109, 0.32924942583412786, 0.30752764577834846, 0.27322280082289652, 0.23241765883978793, 0.19677754691826976, 0.18542724883027084
trans_prob
pour_water
probs
0.0, 0.5733333333338934, 0.546666666666368, 0.42074074074044204, 0.3540740740737754, 0.3540740740737754, 0.3540740740737754, 0.3540740740737754, 0.3540740740737754, 0.3540740740737754, 0.3540740740737754, 0.3540740740737754, 0.3308856682766951, 0.3308856682766951, 0.3308856682766951, 0.37850471589594276, 0.36421900161002846, 0.36421900161002846, 0.3874074074071087, 0.3540740740737754, 0.42074074074044204, 0.42074074074044204, 0.3975523349433618, 0.3975523349433618, 0.3308856682766951, 0.3234782608692877, 0.41236714975817657, 0.4355555555552569, 0.4799999999997013, 0.546666666666368, 0.4666666666666667, 0.7333333333333333, 0.7333333333333333, 0.4666666666666667, 0.34999999999999454, 0.34999999999999454, 0.4833333333333279, 0.5555555555555556, 0.4222222222222223, 0.4222222222222223, 0.4222222222222223, 0.4666666666666667, 0.4666666666666667, 0.4666666666666667, 0.7333333333333333, 0.7333333333333333, 0.7333333333333333, 0.7333333333333333, 0.6666666666666666, 0.4, 0.26666666666666666, 0.26666666666666666, 0.26666666666666666, 0.26666666666666666, 0.26666666666666666, 0.24347826086958638, 0.24347826086958638, 0.24347826086958638, 0.24347826086958638, 0.26666666666666666, 0.26666666666666666, 0.26666666666666666, 0.26666666666666666, 0.26666666666666666
times_polyfit
0.0, 0.245082921982, 0.490165843964, 0.735248765946, 0.980331687928, 1.22541460991, 1.470497531892, 1.7155804538739998, 1.960663375856, 2.205746297838, 2.45082921982, 2.695912141802, 2.940995063784, 3.186077985766, 3.4311609077479996, 3.6762438297299997, 3.921326751712, 4.166409673694, 4.411492595676, 4.656575517658, 4.90165843964, 5.1467413616219995, 5.391824283604, 5.636907205586, 5.881990127568, 6.12707304955, 6.372155971532, 6.617238893514, 6.862321815495999, 7.107404737477999, 7.3524876594599995, 7.597570581442, 7.842653503424, 8.087736425406, 8.332819347388, 8.57790226937, 8.822985191352, 9.068068113334, 9.313151035316, 9.558233957298, 9.80331687928, 10.048399801261999, 10.293482723243999, 10.538565645225999, 10.783648567208, 11.02873148919, 11.273814411172, 11.518897333154, 11.763980255136, 12.009063177118, 12.2541460991
prob_polyfit
0.36065716840966688, 0.38213158945171388, 0.38092859363976839, 0.36907677560218149, 0.35506987445499683, 0.34446833495043966, 0.34044854911806033, 0.34430047896954008, 0.35587453185226953, 0.37397873105091156, 0.39672739525027156, 0.4218427114868909, 0.44691075723089052, 0.46959369825369413, 0.48780005995135967, 0.49981514080735245, 0.50439380769270981, 0.50081808371561798, 0.48892211034657607, 0.46908723655936801, 0.44221015874219272, 0.40964720614747907, 0.37313803766278686, 0.33471218669967995, 0.29658206201111514, 0.26102618326236748, 0.23026660119440701, 0.20634462323281433, 0.19099913640940525, 0.1855519904778089, 0.19080507511858236, 0.2069538961430224, 0.23352262661955181, 0.26932577986044648, 0.31246182221962915, 0.3603442146703062, 0.40977554313786491, 0.45707056858730777, 0.49823419886891629, 0.52920055534740285, 0.54613947835054422, 0.54583698648557544, 0.52615637589131414, 0.48658681650260038, 0.42888647341985298, 0.35782735249295183, 0.28204924023562294, 0.21503027921231777, 0.17618189104020776, 0.19207593017466928, 0.29781212265219459
grasp_top
probs
0.0, 0.5222222222222223, 0.788888888888889, 0.6555555555555556, 0.5942222222222223, 0.6002051282051283, 0.4668717948717949, 0.46153846153846156, 0.4, 0.4, 0.4, 0.4, 0.4, 0.4, 0.4, 0.5333333333333333, 0.4, 0.4666666666666667, 0.4666666666666667, 0.4666666666666667, 0.4666666666666667, 0.4666666666666667, 0.3333333333333333, 0.3333333333333333, 0.26666666666666666, 0.26666666666666666, 0.26666666666666666, 0.4, 0.4, 0.4666666666666667, 0.2, 0.2, 0.3333333333333333, 0.2, 0.06666666666666667, 0.0, 0.13333333333333333, 0.13333333333333333, 0.13333333333333333, 0.0, 0.13333333333333333, 0.13333333333333333, 0.2, 0.2, 0.3333333333333333, 0.4666666666666667, 0.3333333333333333, 0.2, 0.13333333333333333, 0.26666666666666666, 0.26666666666666666, 0.26666666666666666, 0.26666666666666666, 0.26666666666666666, 0.26666666666666666, 0.26666666666666666, 0.26666666666666666, 0.26666666666666666, 0.26666666666666666, 0.26666666666666666, 0.26666666666666666, 0.26666666666666666, 0.26666666666666666, 0.26666666666666666
times_polyfit
0.0, 0.245082921982, 0.490165843964, 0.735248765946, 0.980331687928, 1.22541460991, 1.470497531892, 1.7155804538739998, 1.960663375856, 2.205746297838, 2.45082921982, 2.695912141802, 2.940995063784, 3.186077985766, 3.4311609077479996, 3.6762438297299997, 3.921326751712, 4.166409673694, 4.411492595676, 4.656575517658, 4.90165843964, 5.1467413616219995, 5.391824283604, 5.636907205586, 5.881990127568, 6.12707304955, 6.372155971532, 6.617238893514, 6.862321815495999, 7.107404737477999, 7.3524876594599995, 7.597570581442, 7.842653503424, 8.087736425406, 8.332819347388, 8.57790226937, 8.822985191352, 9.068068113334, 9.313151035316, 9.558233957298, 9.80331687928, 10.048399801261999, 10.293482723243999, 10.538565645225999, 10.783648567208, 11.02873148919, 11.273814411172, 11.518897333154, 11.763980255136, 12.009063177118, 12.2541460991
prob_polyfit
0.52396556383649795, 0.42548306635443278, 0.39396453795637326, 0.3988146563557598, 0.41882993179684636, 0.44015387447103704, 0.4545418351856757, 0.45790588925939524, 0.4491114943355432, 0.42899901352260228, 0.39960455598793043, 0.36355594784854395, 0.32362100692008933, 0.28238665560252918, 0.24204876689849142, 0.20429399927762804, 0.17025623681776691, 0.14053161177091278, 0.11523744741982789, 0.094101819807995035, 0.076571797643438799, 0.061929780394136102, 0.049408715310273799, 0.038298334825647373, 0.028035916508839076, 0.018276428450770599, 0.0089382836939218002, 0.00022228802549495441, -0.0073972738262400028, -0.013209107835258749, -0.016327269685912249, -0.015776385954614724, -0.01059534955639041, 4.6259172410856308e-05, 0.016726135097976602, 0.039650064678425245, 0.068545426902769435, 0.10257857027306105, 0.1403086180409101, 0.17969161463394112, 0.21815028691581517, 0.25272605465543929, 0.28033128526929474, 0.29812114866486983, 0.3040057886760561, 0.29732488833947723, 0.27970806697871353, 0.25614590772599222, 0.23629777491469905, 0.2360639414241561, 0.27945090679013607
place_top
probs
0.0, 0.36788124156548013, 0.6140350877193036, 0.48070175438597024, 0.4140350877193036, 0.5140350877192535, 0.5088888888888389, 0.5088888888888389, 0.4488888888888409, 0.4488888888888409, 0.4488888888888409, 0.4488888888888409, 0.4088888888888889, 0.4088888888888889, 0.6755555555555556, 0.5333333333333333, 0.4, 0.4, 0.4, 0.4, 0.4666666666666667, 0.4666666666666667, 0.3333333333333333, 0.3333333333333333, 0.26666666666666666, 0.26666666666666666, 0.26666666666666666, 0.4, 0.4, 0.4666666666666667, 0.2, 0.2, 0.2, 0.2, 0.2, 0.2, 0.3333333333333333, 0.3333333333333333, 0.35384615384617657, 0.22051282051284324, 0.22051282051284324, 0.22051282051284324, 0.22051282051284324, 0.22051282051284324, 0.35384615384617657, 0.35384615384617657, 0.22051282051284324, 0.22051282051284324, 0.15940170940173332, 0.2927350427350666, 0.2927350427350666, 0.2927350427350666, 0.2927350427350666, 0.2927350427350666, 0.2927350427350666, 0.2927350427350666, 0.2871794871795099, 0.2871794871795099, 0.2871794871795099, 0.2871794871795099, 0.5538461538461765, 0.5538461538461765, 0.5538461538461765, 0.5538461538461765
times_polyfit
0.0, 0.245082921982, 0.490165843964, 0.735248765946, 0.980331687928, 1.22541460991, 1.470497531892, 1.7155804538739998, 1.960663375856, 2.205746297838, 2.45082921982, 2.695912141802, 2.940995063784, 3.186077985766, 3.4311609077479996, 3.6762438297299997, 3.921326751712, 4.166409673694, 4.411492595676, 4.656575517658, 4.90165843964, 5.1467413616219995, 5.391824283604, 5.636907205586, 5.881990127568, 6.12707304955, 6.372155971532, 6.617238893514, 6.862321815495999, 7.107404737477999, 7.3524876594599995, 7.597570581442, 7.842653503424, 8.087736425406, 8.332819347388, 8.57790226937, 8.822985191352, 9.068068113334, 9.313151035316, 9.558233957298, 9.80331687928, 10.048399801261999, 10.293482723243999, 10.538565645225999, 10.783648567208, 11.02873148919, 11.273814411172, 11.518897333154, 11.763980255136, 12.009063177118, 12.2541460991
prob_polyfit
0.41625689371576868, 0.44368790104266775, 0.46559863536671486, 0.47792239307728768, 0.47932658125679933, 0.47037222755392044, 0.45282874206829471, 0.42912704331416335, 0.40193500993023112, 0.37384006940302456, 0.34712458467091478, 0.32362054907589216, 0.30463094973010352, 0.2909060089640722, 0.28266336312345475, 0.27964208758109738, 0.28118132643105598, 0.28631513493121641, 0.29387599236099737, 0.30260029256060572, 0.31122996901820255, 0.31860526097116681, 0.3237444765878732, 0.32590745889575257, 0.3246403097220899, 0.31979977651308378, 0.31155655649739522, 0.30037762225963605, 0.28698852239001271, 0.27231746047511507, 0.25742380529548159, 0.24341453469682761, 0.23135296519723791, 0.22216496899893645, 0.21654872966861349, 0.21489493734945464, 0.21722517397366836, 0.22315708853785932, 0.23190581210653072, 0.24233191180939362, 0.25304703269548567, 0.26258922591175859, 0.26968081126764432, 0.27358247185098272, 0.27455812796154633, 0.27446598722205273, 0.27749201733953299, 0.29104293756743926, 0.32681667454743124, 0.40206907778641865, 0.54109653962969295
place
probs
0.0, 0.6, 0.3333333333333333, 0.2, 0.13333333333333333, 0.17142857142867482, 0.1780952380953415, 0.1780952380953415, 0.206666666666825, 0.206666666666825, 0.206666666666825, 0.206666666666825, 0.2288888888888889, 0.2288888888888889, 0.14, 0.13333333333333333, 0.1743589743590643, 0.1743589743590643, 0.1743589743590643, 0.13333333333333333, 0.13333333333333333, 0.13333333333333333, 0.0, 0.0, 0.0, 0.01212121212121352, 0.01212121212121352, 0.14545454545454686, 0.14545454545454686, 0.14545454545454686, 0.14545454545454686, 0.13333333333333333, 0.26666666666666666, 0.13333333333333333, 0.0, 0.0, 0.13333333333333333, 0.13333333333333333, 0.4, 0.26666666666666666, 0.4, 0.4, 0.4666666666666667, 0.4666666666666667, 0.6, 0.7333333333333333, 0.6666666666665667, 0.6666666666665667, 0.6666666666665667, 0.7333333333333333, 0.6222222222222503, 0.6, 0.7333333333333333, 0.7333333333333333, 0.7333333333333333, 0.7333333333333333, 0.6769230769230768, 0.5435897435897435, 0.5333333333333333, 0.5333333333333333, 0.5333333333333333, 0.5333333333333333, 0.5333333333333333, 0.5333333333333333
times_polyfit
0.0, 0.245082921982, 0.490165843964, 0.735248765946, 0.980331687928, 1.22541460991, 1.470497531892, 1.7155804538739998, 1.960663375856, 2.205746297838, 2.45082921982, 2.695912141802, 2.940995063784, 3.186077985766, 3.4311609077479996, 3.6762438297299997, 3.921326751712, 4.166409673694, 4.411492595676, 4.656575517658, 4.90165843964, 5.1467413616219995, 5.391824283604, 5.636907205586, 5.881990127568, 6.12707304955, 6.372155971532, 6.617238893514, 6.862321815495999, 7.107404737477999, 7.3524876594599995, 7.597570581442, 7.842653503424, 8.087736425406, 8.332819347388, 8.57790226937, 8.822985191352, 9.068068113334, 9.313151035316, 9.558233957298, 9.80331687928, 10.048399801261999, 10.293482723243999, 10.538565645225999, 10.783648567208, 11.02873148919, 11.273814411172, 11.518897333154, 11.763980255136, 12.009063177118, 12.2541460991
prob_polyfit
0.24183417975990551, 0.19215099411102343, 0.18049921223922427, 0.18263955552205346, 0.1843969893900117, 0.17894743850641065, 0.16457809406046059, 0.14287164113668993, 0.11726715187291781, 0.091952807868127873, 0.071048033050714943, 0.058035035966701787, 0.05540217819664639, 0.064464003359084865, 0.085325178907468491, 0.11695802067673777, 0.15736568788466831, 0.20380555404239176, 0.25304967697758651, 0.30166170892284994, 0.34627200537100244, 0.38383510914821461, 0.41185620390490718, 0.42857554897329608, 0.43310232529029347, 0.42549173983263855, 0.40676165376078055, 0.37884741721728243, 0.34449601147482412, 0.30710301687625918, 0.27049834276147555, 0.23868907332215805, 0.21557020107522273, 0.20461643739614344, 0.20857070730290461, 0.22914735342405823, 0.26677049184517321, 0.32037038026774534, 0.38726307666234572, 0.46314108436132484, 0.54220509725893296, 0.61746937657807299, 0.68127570835065976, 0.72605330858067685, 0.74536446074281981, 0.73527808805293349, 0.69611588070743213, 0.63461801599175294, 0.56657792694594145, 0.51999799304210992, 0.5388204439807498
grasp
probs
0.0, 0.7894736842105629, 1.0, 0.8700854700854653, 0.8700854700854653, 0.8700854700854653, 0.736752136752132, 0.6779286073403715, 0.5445952740073493, 0.5367521367524432, 0.5367521367524432, 0.5367521367524432, 0.40341880341879865, 0.47008547008546536, 0.736752136752132, 0.5332433648223407, 0.47008547008546536, 0.47008547008546536, 0.47008547008546536, 0.47008547008546536, 0.47008547008546536, 0.6034188034187987, 0.8700854700854653, 0.8700854700854653, 0.8034188034187987, 0.5333333333333333, 0.4, 0.4, 0.4, 0.4666666666666667, 0.2, 0.20341880341879867, 0.336752136752132, 0.20341880341879867, 0.07008547008546535, 0.0034188034187986856, 0.13333333333333333, 0.13333333333333333, 0.18947368421056288, 0.06981556455243966, 0.20314889788577298, 0.20314889788577298, 0.21148223121910634, 0.21148223121910634, 0.33114035087722954, 0.46447368421056284, 0.33114035087722954, 0.1978070175438962, 0.20614035087722954, 0.33947368421056284, 0.33947368421056284, 0.33947368421056284, 0.33947368421056284, 0.33947368421056284, 0.33947368421056284, 0.33947368421056284, 0.3228070175438962, 0.3228070175438962, 0.3228070175438962, 0.3228070175438962, 0.3228070175438962, 0.3228070175438962, 0.3228070175438962, 0.3228070175438962
times_polyfit
0.0, 0.245082921982, 0.490165843964, 0.735248765946, 0.980331687928, 1.22541460991, 1.470497531892, 1.7155804538739998, 1.960663375856, 2.205746297838, 2.45082921982, 2.695912141802, 2.940995063784, 3.186077985766, 3.4311609077479996, 3.6762438297299997, 3.921326751712, 4.166409673694, 4.411492595676, 4.656575517658, 4.90165843964, 5.1467413616219995, 5.391824283604, 5.636907205586, 5.881990127568, 6.12707304955, 6.372155971532, 6.617238893514, 6.862321815495999, 7.107404737477999, 7.3524876594599995, 7.597570581442, 7.842653503424, 8.087736425406, 8.332819347388, 8.57790226937, 8.822985191352, 9.068068113334, 9.313151035316, 9.558233957298, 9.80331687928, 10.048399801261999, 10.293482723243999, 10.538565645225999, 10.783648567208, 11.02873148919, 11.273814411172, 11.518897333154, 11.763980255136, 12.009063177118, 12.2541460991
prob_polyfit
0.76583691163767753, 0.54074752139120164, 0.45419100567501192, 0.45102097799130536, 0.49089133206692082, 0.54543903628230717, 0.59584195562474629, 0.63071981424752499, 0.64434773047263239, 0.63515307483042482, 0.60446772048558106, 0.55550907415453121, 0.49256459437542821, 0.42035582274760763, 0.34355927251332918, 0.26646283761051759, 0.19273770408099189, 0.12530706447471829, 0.066294254646257933, 0.017034251095755515, -0.021866214237643788, -0.050433346066012241, -0.069207890306321573, -0.079114437923003322, -0.081327896126013322, -0.077145276238854699, -0.067869628792198711, -0.054711637644379252, -0.038713066173121646, -0.020694929828316333, -0.0012319505792337537, 0.019346469968246183, 0.040929840759691416, 0.063577135523788186, 0.087448030535128396, 0.11271986415319013, 0.13949667514562059, 0.16771799554451761, 0.19707639255853771, 0.22695407280460955, 0.25639018088276799, 0.28409174308996654, 0.30850252578608739, 0.32794539673125733, 0.34085509641593958, 0.34611964521951855, 0.34354993093208464, 0.33449833997110368, 0.32264861435208836, 0.31500043526599697, 0.32307355281079175
