times
0, 0.000114917755127, 0.000118970870972, 0.000331878662109, 0.0873010158539, 1.29255700111, 1.29279589653, 1.29290699959, 2.04529690742, 2.04549503326, 2.04566001892, 2.19718909264, 2.49688410759, 2.94931006432, 2.94945502281, 2.94961094856, 3.85190391541, 3.8521490097, 3.85224294662, 4.15461993217, 4.15529298782, 4.15548801422, 5.057751894, 5.2089278698, 5.20978593826, 5.21027588844, 5.96159291267, 5.9618730545, 5.962018013, 6.86278796196, 6.86304306984, 6.86319708824, 7.61467885971, 7.61492395401, 7.61504101753, 8.21786403656, 8.21825408936, 8.51732802391, 8.51765608788, 8.51779985428
start_prob
pour_water
probs
0.0, 0.22528320802010823, 0.06580952380962381, 0.06580952380962381, 0.06580952380962381, 0.03480701754386512, 0.1768070175439071, 0.20780952380966583, 0.2744761904763325, 0.13133333333343333, 0.10982957393484256, 0.043162907268175905, 0.07147368421053178, 0.25078195488743354, 0.17243107769421315, 0.2229323308270452, 0.2229323308270452, 0.12861654135338893, 0.07811528822055686, 0.07811528822055686, 0.07811528822055686, 0.12861654135338893, 0.12861654135338893, 0.18177443609021707, 0.2211077694237604, 0.17060651629092835, 0.1174486215541002, 0.20078195488722353, 0.2554937343358396, 0.32216040100250626, 0.16749373433583958, 0.06666666666666667, 0.0, 0.032, 0.032, 0.032, 0.0, 0.0, 0.0, 0.0
times_polyfit
0.0, 0.1703559970856, 0.3407119941712, 0.5110679912568, 0.6814239883424, 0.851779985428, 1.0221359825136, 1.1924919795992, 1.3628479766848, 1.5332039737704002, 1.703559970856, 1.8739159679416, 2.0442719650272, 2.2146279621128, 2.3849839591984, 2.555339956284, 2.7256959533696, 2.8960519504552003, 3.0664079475408004, 3.2367639446264, 3.407119941712, 3.5774759387976003, 3.7478319358832, 3.9181879329688, 4.0885439300544, 4.25889992714, 4.4292559242256, 4.5996119213112, 4.7699679183968, 4.9403239154824, 5.110679912568, 5.281035909653601, 5.4513919067392, 5.6217479038248, 5.7921039009104005, 5.962459897996, 6.132815895081601, 6.3031718921672, 6.4735278892528, 6.643883886338401, 6.814239883424, 6.9845958805096, 7.154951877595201, 7.3253078746808, 7.4956638717664, 7.6660198688520005, 7.8363758659376, 8.0067318630232, 8.1770878601088, 8.347443857194401, 8.51779985428
prob_polyfit
0.088959612830546791, 0.062649115900325958, 0.079716546946749373, 0.10809542670373054, 0.1318952204670146, 0.14543466237981065, 0.14890717522268584, 0.14535187046333617, 0.13864928453459682, 0.13230264906051817, 0.12880327516023996, 0.12941272514709104, 0.13422501902572972, 0.14239934829246195, 0.15247781578297928, 0.1627237578069857, 0.17143440368050425, 0.17719715813275119, 0.17907182404712255, 0.17669178671020272, 0.17028572631480857, 0.16062798300539896, 0.14893043839391432, 0.13669186932071489, 0.12552234382190844, 0.11696053589531677, 0.11230100486929653, 0.11244668706629926, 0.11779925217573409, 0.12819675437479042, 0.1429043289310539, 0.16065971889257005, 0.17977133357878874, 0.19826251119775276, 0.2140518519488879, 0.22515607573047627, 0.22989901006957639, 0.22710819926053952, 0.21627941510857299, 0.19768921321707558, 0.17243678643062535, 0.14239888928921521, 0.1100857139741063, 0.078391459195366081, 0.050241119864205458, 0.028144905699999195, 0.01368384302121009, 0.0069646946634369933, 0.0060995190316792958, 0.0067851504740894797, 0.0020807904692543844
grasp_top
probs
0.0, 0.5892757147067492, 0.3892757147067492, 0.6119252873563218, 0.6119252873563218, 0.6122824302134233, 0.4986641965951897, 0.4561092515403067, 0.50784258487364, 0.4900932971243523, 0.480496227527262, 0.42876289419392866, 0.2363117342427667, 0.24275862068965517, 0.3760919540229885, 0.3563117342427667, 0.3563117342427667, 0.22297840090943336, 0.24275862068965517, 0.24275862068965517, 0.2560919540229885, 0.2363117342427667, 0.2363117342427667, 0.30297840090943334, 0.3429784009094333, 0.3627586206896552, 0.2960919540229885, 0.35016602809706254, 0.3303858083168407, 0.382119141650174, 0.2808655803966128, 0.273979133510168, 0.22224580017683468, 0.2360919540229885, 0.26275862068965516, 0.26275862068965516, 0.2160919540229885, 0.2160919540229885, 0.2160919540229885, 0.2160919540229885
times_polyfit
0.0, 0.1703559970856, 0.3407119941712, 0.5110679912568, 0.6814239883424, 0.851779985428, 1.0221359825136, 1.1924919795992, 1.3628479766848, 1.5332039737704002, 1.703559970856, 1.8739159679416, 2.0442719650272, 2.2146279621128, 2.3849839591984, 2.555339956284, 2.7256959533696, 2.8960519504552003, 3.0664079475408004, 3.2367639446264, 3.407119941712, 3.5774759387976003, 3.7478319358832, 3.9181879329688, 4.0885439300544, 4.25889992714, 4.4292559242256, 4.5996119213112, 4.7699679183968, 4.9403239154824, 5.110679912568, 5.281035909653601, 5.4513919067392, 5.6217479038248, 5.7921039009104005, 5.962459897996, 6.132815895081601, 6.3031718921672, 6.4735278892528, 6.643883886338401, 6.814239883424, 6.9845958805096, 7.154951877595201, 7.3253078746808, 7.4956638717664, 7.6660198688520005, 7.8363758659376, 8.0067318630232, 8.1770878601088, 8.347443857194401, 8.51779985428
prob_polyfit
0.39903938688204327, 0.71827029199097381, 0.80265357053742603, 0.77520501204125836, 0.70793488309526253, 0.63864118159636907, 0.58336444764626205, 0.54536059432762829, 0.52132566437222727, 0.50549526603226824, 0.49214117192857759, 0.47689765696016845, 0.45727008420169418, 0.43260749976980267, 0.40375904758794984, 0.37258034150625569, 0.3414100140148702, 0.31259797651550897, 0.28813495446065068, 0.26940708032104538, 0.25707921697886277, 0.25109572244750772, 0.25077703247225741, 0.25498420925319137, 0.26232096093045804, 0.2713430562673696, 0.2807480208319329, 0.28952298361823231, 0.29703502512514063, 0.30305583807766495, 0.30772042901259616, 0.31142744141462436, 0.31469594774216275, 0.31799971722064974, 0.32160449725991419, 0.32543622766537289, 0.3290078169394291, 0.33142862766936992, 0.33151362205156892, 0.32799768743506369, 0.31984447445070635, 0.30661761500969426, 0.28885492338071678, 0.26835259909566594, 0.24822602428775503, 0.23256595874996427, 0.22545326321714959, 0.2290312014173515, 0.24026136670878478, 0.24590682395091995, 0.21519363384853768
place_top
probs
0.0, 0.47546484612748474, 0.27546484612748473, 0.3271903363235271, 0.3271903363235271, 0.27295251955944466, 0.30648193132417156, 0.3325715999401015, 0.37590493327343477, 0.3385715999401159, 0.32887179487193685, 0.2855384615386035, 0.24769096698512227, 0.3282051282052702, 0.46153846153860356, 0.38866516719155325, 0.38866516719155325, 0.2553318338582199, 0.3282051282052702, 0.3282051282052702, 0.3416168929111532, 0.2687435985641029, 0.2687435985641029, 0.33541026523076956, 0.5886651671915533, 0.6615384615386035, 0.5948717948719369, 0.4282835595778199, 0.35244730226788956, 0.39578063560122284, 0.3122512238365097, 0.33327266633161334, 0.28993933299828, 0.28835763365188377, 0.233792331507683, 0.233792331507683, 0.19487179487193687, 0.19487179487193687, 0.19487179487193687, 0.19487179487193687
times_polyfit
0.0, 0.1703559970856, 0.3407119941712, 0.5110679912568, 0.6814239883424, 0.851779985428, 1.0221359825136, 1.1924919795992, 1.3628479766848, 1.5332039737704002, 1.703559970856, 1.8739159679416, 2.0442719650272, 2.2146279621128, 2.3849839591984, 2.555339956284, 2.7256959533696, 2.8960519504552003, 3.0664079475408004, 3.2367639446264, 3.407119941712, 3.5774759387976003, 3.7478319358832, 3.9181879329688, 4.0885439300544, 4.25889992714, 4.4292559242256, 4.5996119213112, 4.7699679183968, 4.9403239154824, 5.110679912568, 5.281035909653601, 5.4513919067392, 5.6217479038248, 5.7921039009104005, 5.962459897996, 6.132815895081601, 6.3031718921672, 6.4735278892528, 6.643883886338401, 6.814239883424, 6.9845958805096, 7.154951877595201, 7.3253078746808, 7.4956638717664, 7.6660198688520005, 7.8363758659376, 8.0067318630232, 8.1770878601088, 8.347443857194401, 8.51779985428
prob_polyfit
0.27017112918150615, 0.36354187177256692, 0.41493185427285539, 0.42865945817229367, 0.41504051994789654, 0.38597784775237914, 0.35225985992745207, 0.32213264283868798, 0.30078396180519545, 0.29044418171893654, 0.29086805335035365, 0.30001328735368477, 0.31477716065211819, 0.33169146923409093, 0.34750934746348433, 0.35964520683129925, 0.36645169669165295, 0.36733554596363632, 0.36272779807874739, 0.35393369164530625, 0.34289365642186748, 0.33188997827602879, 0.3232340278885209, 0.3189669360773893, 0.32060262380050714, 0.32893654718651294, 0.34393678736619454, 0.36472659146873215, 0.38965954497175909, 0.41648061661469998, 0.44255875543959428, 0.46516992513953542, 0.48180382388960014, 0.49046344820420656, 0.48992450714133612, 0.47992186841616685, 0.46123311070115963, 0.43563525666060371, 0.4057202589915046, 0.37456819726316254, 0.34529480623014336, 0.32051228701038365, 0.30176974107213567, 0.28907240261624106, 0.28061751946258379, 0.27292963363196715, 0.26162953258289018, 0.2431296695165906, 0.21761477632834964, 0.19374010572050021, 0.19556163111231434
place
probs
0.0, 0.36867132867138097, 0.16930195930201222, 0.16930195930201222, 0.16930195930201222, 0.13396396396396457, 0.2206306306306312, 0.2206306306306312, 0.26333333333333336, 0.21222222222222223, 0.22434343434343434, 0.18164073164073222, 0.2689639639639717, 0.37685440685441646, 0.40137821637824084, 0.3984877734877383, 0.4411904761904404, 0.2922222222221715, 0.2951126651126741, 0.25177933177934075, 0.3012237762237876, 0.298333333333285, 0.2989639639639163, 0.36499999999995164, 0.555555555555505, 0.5584459984460075, 0.492409962409972, 0.33018774018774977, 0.2206306306306312, 0.26333333333333336, 0.17666666666666667, 0.17666666666666667, 0.13396396396396457, 0.13396396396396457, 0.14366093366093427, 0.14303030303030304, 0.13333333333333333, 0.13333333333333333, 0.13333333333333333, 0.13333333333333333
times_polyfit
0.0, 0.1703559970856, 0.3407119941712, 0.5110679912568, 0.6814239883424, 0.851779985428, 1.0221359825136, 1.1924919795992, 1.3628479766848, 1.5332039737704002, 1.703559970856, 1.8739159679416, 2.0442719650272, 2.2146279621128, 2.3849839591984, 2.555339956284, 2.7256959533696, 2.8960519504552003, 3.0664079475408004, 3.2367639446264, 3.407119941712, 3.5774759387976003, 3.7478319358832, 3.9181879329688, 4.0885439300544, 4.25889992714, 4.4292559242256, 4.5996119213112, 4.7699679183968, 4.9403239154824, 5.110679912568, 5.281035909653601, 5.4513919067392, 5.6217479038248, 5.7921039009104005, 5.962459897996, 6.132815895081601, 6.3031718921672, 6.4735278892528, 6.643883886338401, 6.814239883424, 6.9845958805096, 7.154951877595201, 7.3253078746808, 7.4956638717664, 7.6660198688520005, 7.8363758659376, 8.0067318630232, 8.1770878601088, 8.347443857194401, 8.51779985428
prob_polyfit
0.17573067649361238, 0.19043643914974484, 0.23801483276699517, 0.27391692500673226, 0.28355420522576208, 0.26898395931060792, 0.23981521397672576, 0.20737066562278655, 0.18129360545442508, 0.16792699447410836, 0.1699152767168968, 0.18658899443723712, 0.21478853246305316, 0.24986711827158617, 0.28668528714943531, 0.32047013571950567, 0.34746357979213083, 0.3653252515684634, 0.37328836433651291, 0.37209158758827576, 0.36372745960578012, 0.35105886564299416, 0.33736037552083153, 0.32584151239323689, 0.31920506227497247, 0.31928607929112995, 0.32680704215730405, 0.34127242075232411, 0.36101246550563715, 0.38337208420575231, 0.40502696856358211, 0.42239642391437093, 0.43211138752766953, 0.43148764177693311, 0.41894898557382798, 0.394343868383353, 0.35910246390383216, 0.31619011242835326, 0.26982823940610423, 0.22497601152405819, 0.1865958665091749, 0.15876439857096189, 0.14373764426585042, 0.14113734057687186, 0.14749296876497572, 0.15645409751108416, 0.16007944854606812, 0.1517139719510798, 0.13108378720576527, 0.11237186350537118, 0.13618553245777162
grasp
probs
0.0, 0.5778324132009179, 0.3921913875599047, 0.3150336028158694, 0.3150336028158694, 0.28980705819346536, 0.374279528252036, 0.33704993252356075, 0.38128070175432877, 0.2551781376517957, 0.2056342780026845, 0.16140350877191653, 0.16372234935162558, 0.16140350877191653, 0.29473684210524986, 0.2970556826849589, 0.2970556826849589, 0.16372234935162558, 0.16140350877191653, 0.16140350877191653, 0.16140350877191653, 0.16372234935162558, 0.16372234935162558, 0.21603004165930542, 0.21603004165930542, 0.2137112010795964, 0.16140350877191653, 0.28702122438960503, 0.28818064467946214, 0.3324114139102301, 0.2067936982925416, 0.2056342780026845, 0.16140350877191653, 0.20938678985876205, 0.24138678985875245, 0.24138678985875245, 0.16140350877191653, 0.16140350877191653, 0.16140350877191653, 0.16140350877191653
times_polyfit
0.0, 0.1703559970856, 0.3407119941712, 0.5110679912568, 0.6814239883424, 0.851779985428, 1.0221359825136, 1.1924919795992, 1.3628479766848, 1.5332039737704002, 1.703559970856, 1.8739159679416, 2.0442719650272, 2.2146279621128, 2.3849839591984, 2.555339956284, 2.7256959533696, 2.8960519504552003, 3.0664079475408004, 3.2367639446264, 3.407119941712, 3.5774759387976003, 3.7478319358832, 3.9181879329688, 4.0885439300544, 4.25889992714, 4.4292559242256, 4.5996119213112, 4.7699679183968, 4.9403239154824, 5.110679912568, 5.281035909653601, 5.4513919067392, 5.6217479038248, 5.7921039009104005, 5.962459897996, 6.132815895081601, 6.3031718921672, 6.4735278892528, 6.643883886338401, 6.814239883424, 6.9845958805096, 7.154951877595201, 7.3253078746808, 7.4956638717664, 7.6660198688520005, 7.8363758659376, 8.0067318630232, 8.1770878601088, 8.347443857194401, 8.51779985428
prob_polyfit
0.3220954821191907, 0.31329219580377732, 0.33812114099223833, 0.36642756853135433, 0.3838708744987922, 0.38608959162744733, 0.37445172934739779, 0.35307466205651072, 0.32684297593181194, 0.3001929695015797, 0.27646902998404954, 0.25769004373355142, 0.24459351269008284, 0.23685130717489289, 0.23337415638377645, 0.23264222917198929, 0.23301665687265349, 0.23300176461280442, 0.231440275562664, 0.22763400144008006, 0.22139070007150885, 0.21300403454674055, 0.20317807617575101, 0.19291072272555776, 0.18335192196294159, 0.17565286601533303, 0.17082152217663304, 0.16959815816300294, 0.17236207219458499, 0.17907771824337348, 0.18928499207358429, 0.2021347819663738, 0.21646715688863483, 0.23092593210250889, 0.24409998539766076, 0.25467876395773403, 0.26160709010173944, 0.26422281124586322, 0.26236021333020865, 0.25640259514377217, 0.24726915112696746, 0.23632450013981787, 0.22520399499149735, 0.21555451958870819, 0.20869899578362838, 0.20524344706895137, 0.20465836981838115, 0.20488151170921565, 0.20200711956134854, 0.19014746206282129, 0.16157612549686806
trans_prob
pour_water
probs
0.0, 0.38095238095258094, 0.3423558897244709, 0.3423558897244709, 0.3423558897244709, 0.3280701754385566, 0.3280701754385566, 0.2947368421052233, 0.3333333333333333, 0.3291925465838721, 0.3291925465838721, 0.2625258799172054, 0.24347826086958638, 0.24347826086958638, 0.43333333333403334, 0.43333333333403334, 0.5000000000007, 0.3333333333333333, 0.3333333333333333, 0.26666666666666666, 0.26666666666666666, 0.278787878787888, 0.278787878787888, 0.278787878787888, 0.278787878787888, 0.26666666666666666, 0.26666666666666666, 0.26666666666666666, 0.278787878787888, 0.3454545454545547, 0.32226613965747447, 0.31014492753625306, 0.24347826086958638, 0.26666666666666666, 0.26666666666666666, 0.3333333333333333, 0.3333333333333333, 0.3333333333333333, 0.3333333333333333, 0.3333333333333333
times_polyfit
0.0, 0.1703559970856, 0.3407119941712, 0.5110679912568, 0.6814239883424, 0.851779985428, 1.0221359825136, 1.1924919795992, 1.3628479766848, 1.5332039737704002, 1.703559970856, 1.8739159679416, 2.0442719650272, 2.2146279621128, 2.3849839591984, 2.555339956284, 2.7256959533696, 2.8960519504552003, 3.0664079475408004, 3.2367639446264, 3.407119941712, 3.5774759387976003, 3.7478319358832, 3.9181879329688, 4.0885439300544, 4.25889992714, 4.4292559242256, 4.5996119213112, 4.7699679183968, 4.9403239154824, 5.110679912568, 5.281035909653601, 5.4513919067392, 5.6217479038248, 5.7921039009104005, 5.962459897996, 6.132815895081601, 6.3031718921672, 6.4735278892528, 6.643883886338401, 6.814239883424, 6.9845958805096, 7.154951877595201, 7.3253078746808, 7.4956638717664, 7.6660198688520005, 7.8363758659376, 8.0067318630232, 8.1770878601088, 8.347443857194401, 8.51779985428
prob_polyfit
0.26687369932436067, 0.38484070975010942, 0.42929218222090354, 0.43173930945632527, 0.41275493812911546, 0.38529756604818977, 0.35714699178670062, 0.33264794510145224, 0.31392549066483222, 0.3017069810137144, 0.29585965224040101, 0.29573042283787088, 0.30035488729419513, 0.30858570653829764, 0.31917640219981813, 0.33084477588981598, 0.34233061336368398, 0.35245481152398128, 0.36018139878663169, 0.36467992139831973, 0.36538315488586648, 0.36203388596742958, 0.35471441099128065, 0.34385322731738965, 0.33020496905422381, 0.31480177322781977, 0.29887677183077443, 0.28376310430456286, 0.27077454886179997, 0.26107639471262101, 0.25555733572974859, 0.25471477439172852, 0.25856679805638916, 0.26660404269438331, 0.27779350726446073, 0.2906439398971471, 0.30333850004067486, 0.31393482374833159, 0.32062519735106598, 0.32204009284973367, 0.31756665171297815, 0.30763963704253705, 0.29394572269549013, 0.27946256671559866, 0.26823174031250308, 0.26473906794784352, 0.27274709364811855, 0.29339203822088156, 0.32232156763161168, 0.34560976802882781, 0.33414173381092571
grasp_top
probs
0.0, 0.5522030651340996, 0.5522030651340996, 0.60263041556145, 0.60263041556145, 0.6109637488947833, 0.8160919540229885, 0.8160919540229885, 0.8160919540229885, 0.7627586206893564, 0.7627586206893564, 0.7627586206893564, 0.8160919540229885, 0.8160919540229885, 0.8160919540229885, 0.8160919540229885, 0.8160919540229885, 0.4160919540229885, 0.2827586206896552, 0.2160919540229885, 0.2160919540229885, 0.34942528735632183, 0.34942528735632183, 0.34942528735632183, 0.34942528735632183, 0.2160919540229885, 0.2160919540229885, 0.34942528735632183, 0.48275862068965514, 0.5494252873563218, 0.5494252873563218, 0.4160919540229885, 0.4160919540229885, 0.4160919540229885, 0.4160919540229885, 0.4160919540229885, 0.4160919540229885, 0.4160919540229885, 0.4160919540229885, 0.4160919540229885
times_polyfit
0.0, 0.1703559970856, 0.3407119941712, 0.5110679912568, 0.6814239883424, 0.851779985428, 1.0221359825136, 1.1924919795992, 1.3628479766848, 1.5332039737704002, 1.703559970856, 1.8739159679416, 2.0442719650272, 2.2146279621128, 2.3849839591984, 2.555339956284, 2.7256959533696, 2.8960519504552003, 3.0664079475408004, 3.2367639446264, 3.407119941712, 3.5774759387976003, 3.7478319358832, 3.9181879329688, 4.0885439300544, 4.25889992714, 4.4292559242256, 4.5996119213112, 4.7699679183968, 4.9403239154824, 5.110679912568, 5.281035909653601, 5.4513919067392, 5.6217479038248, 5.7921039009104005, 5.962459897996, 6.132815895081601, 6.3031718921672, 6.4735278892528, 6.643883886338401, 6.814239883424, 6.9845958805096, 7.154951877595201, 7.3253078746808, 7.4956638717664, 7.6660198688520005, 7.8363758659376, 8.0067318630232, 8.1770878601088, 8.347443857194401, 8.51779985428
prob_polyfit
0.42397540694249281, 0.74877591123926812, 0.90801615298745109, 0.95447544374838666, 0.93291927469904756, 0.87866496008676975, 0.81737916874869598, 0.76573317163153587, 0.73260894416147448, 0.72060940741124369, 0.72767942669538788, 0.74869106589968237, 0.7768873759204189, 0.80511403145768345, 0.82679777747839922, 0.83665526034255255, 0.83113575427536213, 0.80861690697107869, 0.76938427403705245, 0.71543344613117932, 0.65013835041673773, 0.57783118476250395, 0.50333877435089236, 0.43151728143334567, 0.36682250528879501, 0.31294683640687659, 0.27254663193331852, 0.24707571387691396, 0.2367322129192504, 0.24051744424158827, 0.25639726305431965, 0.28154876183320021, 0.31266859406844483, 0.3463139960152104, 0.37924408389511322, 0.40872758464092152, 0.43278416903219452, 0.45033035227946727, 0.46120786421606064, 0.46608282485938113, 0.46621834592799183, 0.46314167146804075, 0.45825002535551129, 0.45242730605454207, 0.44577701522342061, 0.43761568124294947, 0.42691589780541528, 0.4134392960083455, 0.39985766167442827, 0.3952253533649428, 0.4202385261166095
place_top
probs
0.0, 0.4510121457490501, 0.4510121457490501, 0.5510121457490001, 0.5510121457490001, 0.5659829059828699, 0.505982905982872, 0.5682051282052222, 0.5682051282052222, 0.5282051282052702, 0.39487179487193685, 0.39487179487193685, 0.39487179487193685, 0.39487179487193685, 0.39487179487193685, 0.39487179487193685, 0.39487179487193685, 0.39487179487193685, 0.5282051282052702, 0.46153846153860356, 0.46153846153860356, 0.4115384615386431, 0.4115384615386431, 0.4115384615386431, 0.4115384615386431, 0.46153846153860356, 0.46153846153860356, 0.46153846153860356, 0.4115384615386431, 0.47820512820530975, 0.7448717948719764, 0.7948717948719369, 0.7948717948719369, 0.7948717948719369, 0.7948717948719369, 0.7948717948719369, 0.7948717948719369, 0.7948717948719369, 0.7948717948719369, 0.7948717948719369
times_polyfit
0.0, 0.1703559970856, 0.3407119941712, 0.5110679912568, 0.6814239883424, 0.851779985428, 1.0221359825136, 1.1924919795992, 1.3628479766848, 1.5332039737704002, 1.703559970856, 1.8739159679416, 2.0442719650272, 2.2146279621128, 2.3849839591984, 2.555339956284, 2.7256959533696, 2.8960519504552003, 3.0664079475408004, 3.2367639446264, 3.407119941712, 3.5774759387976003, 3.7478319358832, 3.9181879329688, 4.0885439300544, 4.25889992714, 4.4292559242256, 4.5996119213112, 4.7699679183968, 4.9403239154824, 5.110679912568, 5.281035909653601, 5.4513919067392, 5.6217479038248, 5.7921039009104005, 5.962459897996, 6.132815895081601, 6.3031718921672, 6.4735278892528, 6.643883886338401, 6.814239883424, 6.9845958805096, 7.154951877595201, 7.3253078746808, 7.4956638717664, 7.6660198688520005, 7.8363758659376, 8.0067318630232, 8.1770878601088, 8.347443857194401, 8.51779985428
prob_polyfit
0.36339433197448523, 0.65651341589909218, 0.7447060429710386, 0.73477418897008162, 0.68833934982685929, 0.6372269072606187, 0.59473329411066489, 0.56361264904549202, 0.54149766196232374, 0.52435875779820273, 0.50850612680310059, 0.49154986271728829, 0.47265409589032759, 0.45235098531979068, 0.432119241014147, 0.413878965139022, 0.39950950622959125, 0.39045919448577537, 0.38748474695299473, 0.39053327836903096, 0.39876070577410383, 0.41066637176630438, 0.42431441169397432, 0.4376072332409966, 0.44857494192902303, 0.45564611215830064, 0.45786944970419841, 0.45506209721161328, 0.44786807826943731, 0.43771913738673485, 0.42669949157129361, 0.41732524357591005, 0.41225789620843445, 0.41397903061968622, 0.42445924836239479, 0.44485840626648576, 0.47529547404171035, 0.51472449625625538, 0.56094762173893153, 0.61078645398394693, 0.66041855488824774, 0.70586628015002484, 0.74359971689164306, 0.77118381254095647, 0.78786130612310368, 0.79491728022503105, 0.7956175217332544, 0.79445088985694889, 0.79533502522144994, 0.79836446538898409, 0.79459004607869099
place
probs
0.0, 0.36000000000005067, 0.36000000000005067, 0.36000000000005067, 0.36000000000005067, 0.37435897435906434, 0.4410256410258893, 0.5333333333334916, 0.5333333333334916, 0.4666666666666667, 0.3333333333333333, 0.26969696969696966, 0.26969696969696966, 0.26969696969696966, 0.26969696969696966, 0.26969696969696966, 0.26666666666666666, 0.13333333333333333, 0.26666666666666666, 0.26666666666666666, 0.5333333333333333, 0.5333333333333333, 0.5333333333333333, 0.5333333333333333, 0.26666666666666666, 0.26666666666666666, 0.26666666666666666, 0.4, 0.4, 0.4666666666666667, 0.5111111111111675, 0.5111111111111675, 0.44747474747480376, 0.403030303030303, 0.26969696969696966, 0.26666666666666666, 0.26666666666666666, 0.26666666666666666, 0.26666666666666666, 0.26666666666666666
times_polyfit
0.0, 0.1703559970856, 0.3407119941712, 0.5110679912568, 0.6814239883424, 0.851779985428, 1.0221359825136, 1.1924919795992, 1.3628479766848, 1.5332039737704002, 1.703559970856, 1.8739159679416, 2.0442719650272, 2.2146279621128, 2.3849839591984, 2.555339956284, 2.7256959533696, 2.8960519504552003, 3.0664079475408004, 3.2367639446264, 3.407119941712, 3.5774759387976003, 3.7478319358832, 3.9181879329688, 4.0885439300544, 4.25889992714, 4.4292559242256, 4.5996119213112, 4.7699679183968, 4.9403239154824, 5.110679912568, 5.281035909653601, 5.4513919067392, 5.6217479038248, 5.7921039009104005, 5.962459897996, 6.132815895081601, 6.3031718921672, 6.4735278892528, 6.643883886338401, 6.814239883424, 6.9845958805096, 7.154951877595201, 7.3253078746808, 7.4956638717664, 7.6660198688520005, 7.8363758659376, 8.0067318630232, 8.1770878601088, 8.347443857194401, 8.51779985428
prob_polyfit
0.26760433977514708, 0.4171269472271919, 0.42608867194327277, 0.39575205497406807, 0.37369093760008298, 0.37481868773063076, 0.39628807464610638, 0.42757627942965537, 0.45687019150304709, 0.47468786137679331, 0.47551087166180617, 0.45805856818601765, 0.42470767632854312, 0.38044893004472602, 0.33167507812065322, 0.28501111958409986, 0.24632697352466426, 0.22001412345540761, 0.20856020839660161, 0.21241817769997873, 0.23013859986548457, 0.25871413285869593, 0.29407314032272147, 0.33165409021634762, 0.36699281541523376, 0.39626006529640811, 0.41669614888778916, 0.42690197950511521, 0.42696059335618397, 0.41837934622838002, 0.40385960844715285, 0.38691699463401363, 0.37139009687333591, 0.36088845341896381, 0.35824019557427, 0.36500558862772792, 0.38112363399014981, 0.40475414518258823, 0.43236636503520387, 0.45910637123877507, 0.47944833814300303, 0.48809829966548435, 0.48107250685958292, 0.45681491061471924, 0.41714883880521469, 0.36777569678045552, 0.31793761190178493, 0.27875048614615494, 0.25958802993435626, 0.26175513898747838, 0.26852956331223865
grasp
probs
0.0, 0.452070175438564, 0.41104453441288746, 0.6777112010795541, 0.6777112010795541, 0.72037786774624, 0.45371120107957336, 0.45371120107957336, 0.4364035087719165, 0.7030701754385832, 0.5864035087719165, 0.6447368421052498, 0.7614035087719165, 0.3614035087719165, 0.3614035087719165, 0.3614035087719165, 0.3614035087719165, 0.22807017543858318, 0.22807017543858318, 0.16140350877191653, 0.16140350877191653, 0.16140350877191653, 0.16140350877191653, 0.16140350877191653, 0.16140350877191653, 0.16140350877191653, 0.16140350877191653, 0.29473684210524986, 0.29473684210524986, 0.3030701754385832, 0.3030701754385832, 0.3030701754385832, 0.3614035087719165, 0.3614035087719165, 0.3614035087719165, 0.3614035087719165, 0.3614035087719165, 0.3614035087719165, 0.3614035087719165, 0.3614035087719165
times_polyfit
0.0, 0.1703559970856, 0.3407119941712, 0.5110679912568, 0.6814239883424, 0.851779985428, 1.0221359825136, 1.1924919795992, 1.3628479766848, 1.5332039737704002, 1.703559970856, 1.8739159679416, 2.0442719650272, 2.2146279621128, 2.3849839591984, 2.555339956284, 2.7256959533696, 2.8960519504552003, 3.0664079475408004, 3.2367639446264, 3.407119941712, 3.5774759387976003, 3.7478319358832, 3.9181879329688, 4.0885439300544, 4.25889992714, 4.4292559242256, 4.5996119213112, 4.7699679183968, 4.9403239154824, 5.110679912568, 5.281035909653601, 5.4513919067392, 5.6217479038248, 5.7921039009104005, 5.962459897996, 6.132815895081601, 6.3031718921672, 6.4735278892528, 6.643883886338401, 6.814239883424, 6.9845958805096, 7.154951877595201, 7.3253078746808, 7.4956638717664, 7.6660198688520005, 7.8363758659376, 8.0067318630232, 8.1770878601088, 8.347443857194401, 8.51779985428
prob_polyfit
0.38475148356853078, 0.83795453994533953, 0.93726639138449563, 0.87313131553736434, 0.75826033896958678, 0.6522467238028391, 0.58012053893320403, 0.54598021310324918, 0.54268399519897703, 0.55844302633267717, 0.58102965775965409, 0.60019912766332539, 0.60881913753044103, 0.60310964442803816, 0.58231370818844241, 0.54804890151038799, 0.50352700549199292, 0.45277687233171288, 0.3999608400642975, 0.34883833044220597, 0.30240064963378027, 0.26267794148811968, 0.23070211390365553, 0.20659776957294634, 0.18976612219047179, 0.17912396739840214, 0.17336040341115772, 0.17117755870640589, 0.17148748248007645, 0.17354498708479776, 0.17700499943657472, 0.18190227978064594, 0.18856060020652715, 0.197447041436215, 0.20899436348320871, 0.22341983328501608, 0.24057184956898875, 0.25983559083137758, 0.28012512632124337, 0.29998137037224221, 0.31778232820441782, 0.33205367385455825, 0.34184321806508161, 0.34709166641040506, 0.34889363165278037, 0.34949655183056388, 0.35183037433027148, 0.35829699464637538, 0.36847488939120349, 0.37531055026779309, 0.35927361264433183
