times
0, 7.48634338379e-05, 0.000228881835938, 0.0836420059204, 0.836709022522, 0.836925029755, 0.837107896805, 0.837218046188, 1.13798904419, 1.13810896873, 1.13820004463, 1.28830885887, 1.28855490685, 1.28866386414, 1.43878698349, 1.43899011612, 1.43906497955, 1.43923902512, 1.7401368618, 1.7404229641, 1.74053907394, 2.0411939621, 2.04143595695, 2.04161095619, 2.04176592827, 2.04180908203, 2.04203987122, 2.34220480919, 2.34237885475, 2.34252786636, 2.64353704453, 2.64368987083, 2.94415402412, 2.94437289238, 2.94448494911, 3.0949909687, 3.39505290985, 3.39527893066, 3.39549589157, 4.29852485657, 4.29939198494, 4.30001997948, 4.5995528698, 4.6004550457, 4.60104703903, 4.7503619194, 4.7509829998, 5.20093798637, 5.20116996765, 5.35083198547, 5.35107707977, 5.35112118721, 5.35130190849, 5.35134506226, 6.25342106819, 6.25376415253, 6.55423998833, 6.55429196358, 6.5547940731, 6.55494499207, 6.55504488945, 6.55531406403, 7.30727791786, 7.30745887756, 7.3075928688, 7.30770206451, 7.60830187798, 7.60846590996, 7.60867094994, 8.66263699532, 8.66284298897, 8.81269598007, 8.81288385391, 8.81297397614, 9.11285996437, 9.11312294006, 9.56456208229, 9.56477308273, 9.71453404427, 9.71479201317, 10.1666948795, 10.3165519238, 10.3167588711, 10.4675679207, 10.467705965, 10.4678368568
start_prob
place
probs
0.0, 0.19912008281573498, 0.18467563837129056, 0.11191526610644255, 0.07679621848739494, 0.07679621848739494, 0.21103534892217757, 0.2062734441602728, 0.19340579710144926, 0.16562801932367152, 0.15090579710144927, 0.15804865424430645, 0.18582643202208424, 0.22054865424430645, 0.21519151138716355, 0.11567460317460315, 0.11567460317460315, 0.11567460317460315, 0.20833333333333337, 0.21064814814814817, 0.18825231481481483, 0.18825231481481483, 0.14427083333333332, 0.11331845238095238, 0.3285962301587302, 0.3371746615312792, 0.3256419234360411, 0.31706349206349205, 0.3541005291005291, 0.3416005291005291, 0.4136243386243386, 0.35806878306878315, 0.5063530967942733, 0.38829754123871774, 0.3188778983815748, 0.17059358465608465, 0.1548528439153439, 0.1386491402116402, 0.13425925925925927, 0.34259259259259256, 0.46064814814814814, 0.47039517195767194, 0.2620618386243387, 0.32222689498504714, 0.3124798711755234, 0.3253475182343469, 0.19108825897508763, 0.17822061191626412, 0.06481481481481483, 0.20023148148148148, 0.20717592592592593, 0.20717592592592593, 0.20717592592592593, 0.07175925925925927, 0.15251322751322752, 0.15251322751322752, 0.14096395502645506, 0.103926917989418, 0.09466765873015874, 0.15694444444444447, 0.33055555555555555, 0.33055555555555555, 0.46597222222222223, 0.4451388888888889, 0.36224838969404183, 0.3398525563607085, 0.27735255636070855, 0.2680932971014493, 0.2680932971014493, 0.22382246376811596, 0.13541666666666666, 0.07107843137254903, 0.04330065359477125, 0.015522875816993464, 0.015522875816993464, 0.06413398692810458, 0.05555555555555556, 0.12037037037037035, 0.12894880174291937, 0.008578431372549019, 0.0, 0.0, 0.0, 0.0, 0.0, 0.0
times_polyfit
0.0, 0.209356737136, 0.418713474272, 0.628070211408, 0.837426948544, 1.04678368568, 1.256140422816, 1.4654971599520001, 1.674853897088, 1.884210634224, 2.09356737136, 2.302924108496, 2.512280845632, 2.721637582768, 2.9309943199040003, 3.14035105704, 3.349707794176, 3.559064531312, 3.768421268448, 3.977778005584, 4.18713474272, 4.396491479856, 4.605848216992, 4.815204954128, 5.024561691264, 5.2339184284, 5.443275165536, 5.652631902672, 5.861988639808001, 6.0713453769440004, 6.28070211408, 6.490058851216, 6.699415588352, 6.908772325488, 7.118129062624, 7.32748579976, 7.536842536896, 7.7461992740320005, 7.955556011168, 8.164912748304, 8.37426948544, 8.583626222576001, 8.792982959712, 9.002339696848, 9.211696433984, 9.42105317112, 9.630409908256, 9.839766645392, 10.049123382528, 10.258480119664, 10.4678368568
prob_polyfit
0.1326488506371124, 0.080252290845512164, 0.078721100986992559, 0.099554665749702953, 0.12682542530018232, 0.15292789497492948, 0.17537784107857324, 0.19448230840371916, 0.21172027833583862, 0.22869185638790313, 0.24651104472405294, 0.26553334867912248, 0.28532469646167802, 0.30479241814209113, 0.32241233367414668, 0.33649834007887502, 0.34547226503229322, 0.3481021679458105, 0.34368672020645774, 0.33217178355792476, 0.31419282964798101, 0.29104340454794198, 0.26457543956068186, 0.23704184387922611, 0.21089548563763794, 0.18856137560348518, 0.17220061221044158, 0.1634854278044009, 0.16340449388631084, 0.17211649778271143, 0.18886789454461805, 0.2119876659981994, 0.23896788370031929, 0.26663387413146689, 0.29140182278075333, 0.30961472879557217, 0.3179397336824521, 0.3138009959969521, 0.29581246926956828, 0.26416416233578843, 0.22090371997857483, 0.17004245721402667, 0.11740131273940158, 0.070097555961361024, 0.035557487652541298, 0.019923816708325326, 0.025708874520609548, 0.048526344314738346, 0.072714735502780847, 0.065645422198917558, -0.02951330870658353
grasp
probs
0.0, 0.35357789855073124, 0.33691123188406086, 0.037549603174564246, 0.037549603174564246, 0.037549603174564246, 0.14841916839195846, 0.14841916839195846, 0.12411361283643936, 0.2014945652173942, 0.28586956521745, 0.29559178743968195, 0.21821083505872707, 0.29782393029677134, 0.293657263630095, 0.17088293650793404, 0.17088293650793404, 0.30629960317460075, 0.4310019841269072, 0.4503472222223052, 0.41979166666674966, 0.28437500000008303, 0.21889880952381183, 0.19130219116634048, 0.3951712387853803, 0.3951712387853803, 0.38665674603174055, 0.38665674603174055, 0.392609126984119, 0.25024801587294443, 0.3210813492062875, 0.27891865079365935, 0.43864087301584503, 0.3047123015872784, 0.23387896825393537, 0.07415674603174958, 0.07698412698418372, 0.08740079365078564, 0.08184523809523009, 0.2901785714285634, 0.386904761904757, 0.39662698412698894, 0.20044642857141515, 0.2508001207729356, 0.2410778985507037, 0.25323067632846324, 0.14707988267767028, 0.1227743271221512, 0.011904761904756972, 0.011904761904756972, 0.011904761904756972, 0.011904761904756972, 0.011904761904756972, 0.011904761904756972, 0.0972222222221556, 0.0972222222221556, 0.0888888888889504, 0.08293650793657191, 0.05317460317460071, 0.11984126984126738, 0.28700396825389557, 0.28700396825389557, 0.28700396825389557, 0.26567460317460073, 0.20273464458253276, 0.1721790890269772, 0.24509575569364392, 0.23914337474120606, 0.23914337474120606, 0.1974767080745394, 0.1086309523808785, 0.03571428571421182, 0.11309523809516668, 0.09077380952380644, 0.09077380952380644, 0.11607142857143334, 0.11607142857143334, 0.18452380952387118, 0.18452380952387118, 0.08333333333333333, 0.08333333333333333, 0.08333333333333333, 0.08333333333333333, 0.08333333333333333, 0.08333333333333333, 0.08333333333333333
times_polyfit
0.0, 0.209356737136, 0.418713474272, 0.628070211408, 0.837426948544, 1.04678368568, 1.256140422816, 1.4654971599520001, 1.674853897088, 1.884210634224, 2.09356737136, 2.302924108496, 2.512280845632, 2.721637582768, 2.9309943199040003, 3.14035105704, 3.349707794176, 3.559064531312, 3.768421268448, 3.977778005584, 4.18713474272, 4.396491479856, 4.605848216992, 4.815204954128, 5.024561691264, 5.2339184284, 5.443275165536, 5.652631902672, 5.861988639808001, 6.0713453769440004, 6.28070211408, 6.490058851216, 6.699415588352, 6.908772325488, 7.118129062624, 7.32748579976, 7.536842536896, 7.7461992740320005, 7.955556011168, 8.164912748304, 8.37426948544, 8.583626222576001, 8.792982959712, 9.002339696848, 9.211696433984, 9.42105317112, 9.630409908256, 9.839766645392, 10.049123382528, 10.258480119664, 10.4678368568
prob_polyfit
0.22112646767466865, -0.049371986181559968, -0.095939838976356329, -0.031555006976596911, 0.072605349293683508, 0.17539891123956902, 0.25643638958517195, 0.30890959755561104, 0.33419132127894352, 0.33790333506213915, 0.32718165480853129, 0.30889917784430748, 0.28863522180880524, 0.27020914903742271, 0.25562124602716269, 0.24526832012240879, 0.23832407749415901, 0.23319525780696621, 0.22798372167753639, 0.22090221712425334, 0.21060739068944473, 0.19642775778597427, 0.17847680507790459, 0.1576521653443787, 0.1355308823131906, 0.11417816936000941, 0.095892761778729907, 0.0829159675229309, 0.077133835883557766, 0.079802487553843393, 0.091325582857551824, 0.11111014769194044, 0.13752252881892341, 0.16796011169494912, 0.19904660489640053, 0.22694917549374155, 0.24780450943561577, 0.25822796998090419, 0.25586543577377791, 0.2399311178955798, 0.21165668250635145, 0.17455734229636727, 0.13439922589488867, 0.098729289882569959, 0.075804302721913019, 0.072729004114819362, 0.09258542687512511, 0.13030556120809317, 0.16700804382524476, 0.16248636583268089, 0.045501214366620191
cut
probs
0.0, 0.3333333333333333, 0.16666666666666666, 0.08248563218390302, 0.08248563218390302, 0.08248563218390302, 0.23958333333333334, 0.23958333333333334, 0.17992424242424399, 0.17992424242424399, 0.17992424242424399, 0.19659090909091068, 0.19659090909091068, 0.23825757575757733, 0.22543706293706448, 0.10702983797811037, 0.10702983797811037, 0.09377226222053305, 0.11488032082860995, 0.08008178603005688, 0.0384151193633902, 0.0384151193633902, 0.08809460654287553, 0.07591511936338835, 0.23428571428569325, 0.27405844155837356, 0.2612379287378607, 0.23939231745263656, 0.26439231745266156, 0.39740513796550037, 0.47689231745267985, 0.45995092551126965, 0.6503571428571469, 0.5516666666667118, 0.47217948717953234, 0.27710372960377627, 0.21460372960375615, 0.11547369297381839, 0.11162753912766454, 0.2470442057943312, 0.23033175158181676, 0.24699841824848345, 0.11821053946066577, 0.39488636363647145, 0.3782196969698048, 0.43125000000004515, 0.2645833333333583, 0.204924242424269, 0.04782654127483867, 0.16998563218392804, 0.18784277504107091, 0.18784277504107091, 0.18784277504107091, 0.0524261083744042, 0.10302134646966243, 0.10302134646966243, 0.18424845269674853, 0.15924845269672352, 0.08988032082858982, 0.1565469874952565, 0.2663827838827812, 0.2796403596403585, 0.2663827838827812, 0.24051282051281966, 0.2746794871795879, 0.23301282051292124, 0.24627039627049854, 0.1661421911422112, 0.1661421911422112, 0.13729603729605735, 0.09127892222719462, 0.11779407374229757, 0.11779407374229757, 0.07521165615987814, 0.07521165615987814, 0.11985451330275541, 0.08475132625995392, 0.17728858784892643, 0.2123917748917279, 0.03977272727268027, 0.0179271159874561, 0.0179271159874561, 0.0179271159874561, 0.0, 0.0, 0.0
times_polyfit
0.0, 0.209356737136, 0.418713474272, 0.628070211408, 0.837426948544, 1.04678368568, 1.256140422816, 1.4654971599520001, 1.674853897088, 1.884210634224, 2.09356737136, 2.302924108496, 2.512280845632, 2.721637582768, 2.9309943199040003, 3.14035105704, 3.349707794176, 3.559064531312, 3.768421268448, 3.977778005584, 4.18713474272, 4.396491479856, 4.605848216992, 4.815204954128, 5.024561691264, 5.2339184284, 5.443275165536, 5.652631902672, 5.861988639808001, 6.0713453769440004, 6.28070211408, 6.490058851216, 6.699415588352, 6.908772325488, 7.118129062624, 7.32748579976, 7.536842536896, 7.7461992740320005, 7.955556011168, 8.164912748304, 8.37426948544, 8.583626222576001, 8.792982959712, 9.002339696848, 9.211696433984, 9.42105317112, 9.630409908256, 9.839766645392, 10.049123382528, 10.258480119664, 10.4678368568
prob_polyfit
0.13761671218992383, 0.23190602953169132, 0.24317709363980949, 0.21599521203053607, 0.17910558448638098, 0.14937101520454238, 0.13501634045330541, 0.13826268614952547, 0.15742857297936425, 0.18856899418249146, 0.22671790290694011, 0.26679406211782547, 0.30422493040806636, 0.3353381817131566, 0.35756558587500192, 0.36949931023166011, 0.3708362399307305, 0.36224165647382817, 0.34515956009881016, 0.32159307199322246, 0.29387470701088642, 0.26444286652709431, 0.23563766432484318, 0.20952616594610246, 0.1877642937764889, 0.17150002625260047, 0.16132009999152469, 0.1572402083421624, 0.15873667884744197, 0.16481580537937773, 0.17411540828644728, 0.18503179773082085, 0.19586412155741101, 0.20496708945258341, 0.21090227988362859, 0.21257765532389822, 0.20936453454450493, 0.20118109838885662, 0.18853153727508015, 0.17249018487164441, 0.15462042282796901, 0.13681878621010796, 0.12107554830527828, 0.10914411677328623, 0.10211283077820127, 0.099874210597793611, 0.10048837737162092, 0.099439231242202053, 0.088784050750206622, 0.056199455526807218, -0.016070842350759451
trans_prob
place
probs
0.0, 0.47222222222222227, 0.5833333333333334, 0.2506038647342995, 0.25655624568668045, 0.25655624568668045, 0.4087301587301588, 0.4444444444444445, 0.4444444444444445, 0.5, 0.5, 0.4166666666666667, 0.4166666666666667, 0.25, 0.25, 0.08333333333333333, 0.08333333333333333, 0.08333333333333333, 0.08333333333333333, 0.08333333333333333, 0.08333333333333333, 0.08333333333333333, 0.18749999999984376, 0.1979166666665154, 0.2604166666666716, 0.2604166666666716, 0.25, 0.25, 0.18333333333337332, 0.18333333333337332, 0.26666666666670663, 0.26666666666670663, 0.26666666666670663, 0.10000000000004, 0.10000000000004, 0.10000000000004, 0.26666666666670663, 0.26666666666670663, 0.20416666666675617, 0.20416666666675617, 0.20416666666675617, 0.18333333333337332, 0.18333333333337332, 0.35000000000004, 0.35000000000004, 0.3630208333333844, 0.3630208333333844, 0.35000000000004, 0.5583333333333733, 0.7666666666667066, 0.5583333333333733, 0.5583333333333733, 0.5583333333333733, 0.35000000000004, 0.35000000000004, 0.35000000000004, 0.35000000000004, 0.3452380952380952, 0.3452380952380952, 0.3452380952380952, 0.3452380952380952, 0.3452380952380952, 0.3452380952380952, 0.5535714285714286, 0.17857142857142858, 0.17857142857142858, 0.17857142857142858, 0.17857142857142858, 0.17857142857142858, 0.17857142857142858, 0.24652777777784807, 0.24652777777784807, 0.3179563492064195, 0.26587301587300805, 0.34920634920634136, 0.34920634920634136, 0.34920634920634136, 0.5, 0.5, 0.5, 0.5, 0.5, 0.5, 0.7083333333333334, 0.7083333333333334, 0.7083333333333334
times_polyfit
0.0, 0.209356737136, 0.418713474272, 0.628070211408, 0.837426948544, 1.04678368568, 1.256140422816, 1.4654971599520001, 1.674853897088, 1.884210634224, 2.09356737136, 2.302924108496, 2.512280845632, 2.721637582768, 2.9309943199040003, 3.14035105704, 3.349707794176, 3.559064531312, 3.768421268448, 3.977778005584, 4.18713474272, 4.396491479856, 4.605848216992, 4.815204954128, 5.024561691264, 5.2339184284, 5.443275165536, 5.652631902672, 5.861988639808001, 6.0713453769440004, 6.28070211408, 6.490058851216, 6.699415588352, 6.908772325488, 7.118129062624, 7.32748579976, 7.536842536896, 7.7461992740320005, 7.955556011168, 8.164912748304, 8.37426948544, 8.583626222576001, 8.792982959712, 9.002339696848, 9.211696433984, 9.42105317112, 9.630409908256, 9.839766645392, 10.049123382528, 10.258480119664, 10.4678368568
prob_polyfit
0.31317180373940179, 0.45707013057850804, 0.48146278194562531, 0.44631798754221685, 0.38869454598391839, 0.32956446222494451, 0.27910467833506281, 0.24070135874317722, 0.21388563121724857, 0.19639631424978088, 0.18554298016121828, 0.1790217111205239, 0.17531610241288886, 0.17379745365876387, 0.17462066430663592, 0.17849611458362391, 0.18640276719375404, 0.1992938684026031, 0.2178339597408252, 0.24219443339423385, 0.27192457543096538, 0.30590594133796767, 0.34238999790832469, 0.37911224433294688, 0.41347049340294895, 0.44275065103330746, 0.46438017885443905, 0.47618746041080939, 0.47664451653224305, 0.4650709297192126, 0.44177844090234686, 0.40813847469377684, 0.36655883125499589, 0.32036095416248411, 0.27355554412318472, 0.23052183817543348, 0.19560461289392794, 0.17265289849482901, 0.16453550804311146, 0.17268079277202109, 0.19670153047763161, 0.23418053907381076, 0.28070848196710063, 0.33028239545101012, 0.37619172132765843, 0.4125380702108421, 0.43655557213913898, 0.45192049211592877, 0.4732617978728042, 0.53210856624559089, 0.68453550331123036
grasp
probs
0.0, 0.48397435897436464, 0.4583333333333333, 0.031055900621158646, 0.031055900621158646, 0.031055900621158646, 0.1904761904762228, 0.1904761904762228, 0.2599206349205631, 0.3194444444443403, 0.3194444444443403, 0.3194444444443403, 0.2599206349205631, 0.42658730158722974, 0.42658730158722974, 0.42658730158722974, 0.42658730158722974, 0.35714285714288946, 0.44047619047622283, 0.44047619047622283, 0.44047619047622283, 0.44047619047622283, 0.44047619047622283, 0.35714285714288946, 0.35714285714288946, 0.35714285714288946, 0.35714285714288946, 0.35714285714288946, 0.4166666666666667, 0.4166666666666667, 0.5, 0.7083333333333334, 0.9166666666666666, 0.75, 0.7083333333333334, 0.5, 0.125, 0.125, 0.16666666666666666, 0.375, 0.375, 0.3101851851851389, 0.10185185185180556, 0.26851851851847225, 0.25, 0.29166666666676666, 0.29166666666676666, 0.25, 0.4583333333333333, 0.4583333333333333, 0.25, 0.25, 0.25, 0.25, 0.25, 0.25, 0.25, 0.20833333333327084, 0.20833333333327084, 0.20833333333327084, 0.20833333333327084, 0.20833333333327084, 0.20833333333327084, 0.20833333333327084, 0.04166666666660417, 0.060185185185076394, 0.060185185185076394, 0.060185185185076394, 0.060185185185076394, 0.04166666666660417, 0.0879629629629478, 0.0879629629629478, 0.12962962962967695, 0.12962962962967695, 0.2129629629630103, 0.2129629629630103, 0.2129629629630103, 0.5416666666666666, 0.5416666666666666, 0.3333333333333333, 0.3333333333333333, 0.3333333333333333, 0.5416666666666666, 0.5416666666666666, 0.5416666666666666, 0.5416666666666666
times_polyfit
0.0, 0.209356737136, 0.418713474272, 0.628070211408, 0.837426948544, 1.04678368568, 1.256140422816, 1.4654971599520001, 1.674853897088, 1.884210634224, 2.09356737136, 2.302924108496, 2.512280845632, 2.721637582768, 2.9309943199040003, 3.14035105704, 3.349707794176, 3.559064531312, 3.768421268448, 3.977778005584, 4.18713474272, 4.396491479856, 4.605848216992, 4.815204954128, 5.024561691264, 5.2339184284, 5.443275165536, 5.652631902672, 5.861988639808001, 6.0713453769440004, 6.28070211408, 6.490058851216, 6.699415588352, 6.908772325488, 7.118129062624, 7.32748579976, 7.536842536896, 7.7461992740320005, 7.955556011168, 8.164912748304, 8.37426948544, 8.583626222576001, 8.792982959712, 9.002339696848, 9.211696433984, 9.42105317112, 9.630409908256, 9.839766645392, 10.049123382528, 10.258480119664, 10.4678368568
prob_polyfit
0.26257577057813436, 0.15070907771283193, 0.10439823335255108, 0.10950757613121531, 0.15086492176047073, 0.2139334130065555, 0.28591860436882505, 0.3564177847702556, 0.41770683939045278, 0.46474883562243979, 0.49499798801582101, 0.50806271298079619, 0.50528212596994471, 0.48926156182767427, 0.46340451300085544, 0.43147078033812808, 0.39718361727035106, 0.3639022202594428, 0.33437007652922873, 0.31054442424771994, 0.29350741051757517, 0.28345544874890621, 0.27975977923628531, 0.2810883250411142, 0.28557660958874881, 0.29103376273052256, 0.29516848839024473, 0.29581929931663326, 0.29117334289203328, 0.2799587464135988, 0.26159660075441388, 0.23630047782973901, 0.20511373985646458, 0.16987784697236624, 0.13312840439658097, 0.0979198109595944, 0.067584077503777429, 0.045434676371463645, 0.034432161921739535, 0.036834766787687101, 0.053864229401113739, 0.085424745104350108, 0.12992115607101312, 0.18423130411994454, 0.24389686541148742, 0.30360696704473494, 0.35805945240933185, 0.40329581535381526, 0.43861756207903618, 0.46920408486451021, 0.50956504283936943
cut
probs
0.0, 0.5445402298850536, 0.37787356321838694, 0.1695402298850536, 0.16666666666666666, 0.16666666666666666, 0.16666666666666666, 0.16666666666666666, 0.16666666666666666, 0.16666666666666666, 0.16666666666666666, 0.16666666666666666, 0.16666666666666666, 0.16666666666666666, 0.16666666666666666, 0.16666666666666666, 0.16666666666666666, 0.16666666666666666, 0.16666666666666666, 0.16666666666666666, 0.16666666666666666, 0.16666666666666666, 0.375, 0.3799019607843199, 0.17156862745098664, 0.17156862745098664, 0.25, 0.25, 0.275000000000025, 0.4416666666666917, 0.4416666666666917, 0.4416666666666917, 0.4416666666666917, 0.3436274509805279, 0.3436274509805279, 0.3436274509805279, 0.1769607843138612, 0.1769607843138612, 0.1769607843138612, 0.3852941176471945, 0.3852941176471945, 0.3436274509805279, 0.13529411764719454, 0.23333333333335834, 0.19166666666669166, 0.19166666666669166, 0.19166666666669166, 0.19166666666669166, 0.19166666666669166, 0.400000000000025, 0.400000000000025, 0.400000000000025, 0.400000000000025, 0.400000000000025, 0.400000000000025, 0.400000000000025, 0.400000000000025, 0.375, 0.375, 0.375, 0.4166666666666667, 0.20833333333333334, 0.20833333333333334, 0.375, 0.2769607843138362, 0.3186274509805029, 0.3186274509805029, 0.11029411764716955, 0.11029411764716955, 0.15196078431383622, 0.08333333333333333, 0.08333333333333333, 0.08333333333333333, 0.08333333333333333, 0.08333333333333333, 0.08333333333333333, 0.08333333333333333, 0.25, 0.25, 0.4583333333333333, 0.6666666666666666, 0.6666666666666666, 0.5625, 0.5625, 0.5625, 0.5625
times_polyfit
0.0, 0.209356737136, 0.418713474272, 0.628070211408, 0.837426948544, 1.04678368568, 1.256140422816, 1.4654971599520001, 1.674853897088, 1.884210634224, 2.09356737136, 2.302924108496, 2.512280845632, 2.721637582768, 2.9309943199040003, 3.14035105704, 3.349707794176, 3.559064531312, 3.768421268448, 3.977778005584, 4.18713474272, 4.396491479856, 4.605848216992, 4.815204954128, 5.024561691264, 5.2339184284, 5.443275165536, 5.652631902672, 5.861988639808001, 6.0713453769440004, 6.28070211408, 6.490058851216, 6.699415588352, 6.908772325488, 7.118129062624, 7.32748579976, 7.536842536896, 7.7461992740320005, 7.955556011168, 8.164912748304, 8.37426948544, 8.583626222576001, 8.792982959712, 9.002339696848, 9.211696433984, 9.42105317112, 9.630409908256, 9.839766645392, 10.049123382528, 10.258480119664, 10.4678368568
prob_polyfit
0.28212363784175104, 0.25248797397303041, 0.20962489524060982, 0.17253052209126193, 0.15044893759245639, 0.14596591709475754, 0.15744340998986867, 0.18088781577946597, 0.21133716931324764, 0.24384473209254745, 0.27412917796838626, 0.29895456238998658, 0.31629657458158889, 0.32534519164173858, 0.32638778257033052, 0.32061094863420248, 0.30985393428258418, 0.29634130001816961, 0.28241771521971815, 0.2703032048954328, 0.26188296972586106, 0.25854199352811569, 0.26105105644101817, 0.26950748569364619, 0.28333099877693901, 0.30131232619030646, 0.32170994268045089, 0.34238818703230994, 0.36098831100603396, 0.37512256794636561, 0.38258033091421606, 0.38153441890918427, 0.37073530786817205, 0.34968071063262546, 0.31874812698017574, 0.27927839111910469, 0.23359897971967231, 0.18497688867874384, 0.13749224125126719, 0.095825454097126228, 0.064952761043698792, 0.049747177018762911, 0.05448457672088286, 0.082257463971941169, 0.1343022186056439, 0.20924912798653966, 0.30230833982765265, 0.4044090121408847, 0.5013133844072406, 0.57273225203607403, 0.59147339332438786
