times
0, 0.00031304359436, 0.000971078872681, 0.00110292434692, 0.0114619731903, 1.21559095383, 1.21796298027, 1.21843409538, 1.81942105293, 1.82077693939, 2.2703139782, 2.270870924, 2.27176904678, 2.42036700249, 2.42132687569, 2.4222638607, 2.42265105247, 2.57108092308, 2.7222468853, 2.72327399254, 2.72396492958, 3.47553300858, 3.47659993172, 3.62510704994, 3.62635087967, 3.7760310173, 3.7767329216, 3.777780056, 4.07709908485, 4.07798600197, 4.07896208763, 4.22802400589, 4.37731194496, 4.82876586914, 4.98110389709, 4.98195004463, 4.9831840992, 5.13041400909, 5.13090085983, 5.43250203133, 5.43323707581, 6.18532991409, 6.18638801575, 6.18780899048, 6.63572597504, 6.63639903069, 6.63794088364, 6.63835096359, 6.93743801117, 6.93850302696, 6.93908309937, 7.08859801292, 7.09002709389, 7.2383248806, 7.23885798454, 7.24027299881, 7.24089097977, 7.53985309601, 7.54074501991, 7.69091796875, 7.69196796417, 7.69249296188, 7.84124302864, 7.84189605713, 7.84339404106, 7.99138188362, 7.99271392822, 8.74322104454, 8.74343299866, 8.74572706223, 8.7466340065, 9.49604892731, 9.49692106247, 9.49767804146, 9.79701590538, 9.79793405533, 9.79867100716, 9.94709706306, 9.94798707962, 9.94946289062, 10.3981618881, 10.3990299702, 10.5490601063, 10.6988708973, 10.6998610497, 10.7005028725, 10.8497459888, 10.8503210545, 10.8516249657, 11.4525461197, 11.4533290863
start_prob
place
probs
0.0, 0.49652777777777773, 0.5523611111111111, 0.3942728758169935, 0.3942728758169935, 0.37187704248366016, 0.31861617291844274, 0.2876637919660618, 0.2743453395851094, 0.3157342284739983, 0.3574008951406649, 0.24399509803921568, 0.202328431372549, 0.05833333333333333, 0.05833333333333333, 0.06874999999999999, 0.08779761904761903, 0.07113095238095238, 0.07113095238095238, 0.2794642857142857, 0.2818452380952381, 0.43012955182072826, 0.41624066293183937, 0.4114787581699346, 0.4114787581699346, 0.43052637721755377, 0.263859710550887, 0.2287406629318394, 0.08045634920634921, 0.08045634920634921, 0.10128968253968255, 0.24528478057889824, 0.30084033613445377, 0.30111811391223153, 0.29070144724556485, 0.3462570028011205, 0.34149509803921574, 0.3528046218487395, 0.3528046218487395, 0.41096434407096183, 0.34381458561685546, 0.329900895140665, 0.2164950980392157, 0.2164950980392157, 0.0725, 0.0725, 0.0725, 0.08678571428571429, 0.07726190476190475, 0.2439285714285714, 0.24630952380952378, 0.2548879551820728, 0.3104435107376284, 0.3018650793650794, 0.3018650793650794, 0.3018650793650794, 0.303452380952381, 0.39194444444444443, 0.3641666666666667, 0.3641666666666667, 0.2275925925925926, 0.15757771164021164, 0.23049437830687827, 0.18651289682539682, 0.18212301587301585, 0.11778478057889823, 0.323062558356676, 0.35758636788048553, 0.3992530345471523, 0.3436974789915967, 0.38357843137254904, 0.3064206932773109, 0.32723389778616757, 0.32582020730997713, 0.31724177593742814, 0.31724177593742814, 0.20427881297446518, 0.1995169082125604, 0.1995169082125604, 0.20993357487922706, 0.22421928916494135, 0.11775793650793652, 0.09930555555555558, 0.027083333333333334, 0.027083333333333334, 0.010416666666666666, 0.010416666666666666, 0.010416666666666666, 0.010416666666666666, 0.010416666666666666, 0.010416666666666666
times_polyfit
0.0, 0.229066581726, 0.458133163452, 0.687199745178, 0.916266326904, 1.14533290863, 1.374399490356, 1.603466072082, 1.832532653808, 2.061599235534, 2.29066581726, 2.519732398986, 2.748798980712, 2.977865562438, 3.206932144164, 3.43599872589, 3.665065307616, 3.894131889342, 4.123198471068, 4.352265052794, 4.58133163452, 4.810398216246, 5.039464797972, 5.2685313796980004, 5.497597961424, 5.72666454315, 5.955731124876, 6.184797706602, 6.413864288328, 6.642930870054, 6.87199745178, 7.101064033506, 7.330130615232, 7.559197196958, 7.788263778684, 8.01733036041, 8.246396942136, 8.475463523862, 8.704530105588, 8.933596687314001, 9.16266326904, 9.391729850766, 9.620796432492, 9.849863014218, 10.078929595944, 10.30799617767, 10.537062759396001, 10.766129341122, 10.995195922848, 11.224262504574, 11.4533290863
prob_polyfit
0.36562519137952815, 0.44650349945072626, 0.46784587412050305, 0.4497958030478002, 0.40868977154251812, 0.35729267946525317, 0.30510944005970037, 0.25874940255785833, 0.22232308557625496, 0.19785341248433702, 0.18568620307394107, 0.18488709799138686, 0.19361437351122263, 0.20945924433292601, 0.22974725116911882, 0.25179618796578401, 0.27312774065190398, 0.29163158535759265, 0.30568212906649289, 0.31420936967941665, 0.31672650546268716, 0.31331793583558892, 0.30459216641735393, 0.29160486120509371, 0.27575787368921728, 0.25868053663410367, 0.24209979715675473, 0.22770594962601659, 0.21702074378104036, 0.21127452932626573, 0.21129884110601155, 0.21744043079103276, 0.22950221182304881, 0.24671590416463324, 0.26775034418275939, 0.29075846276771983, 0.31346483153709609, 0.33329443272015019, 0.34754192303512915, 0.35357913558405346, 0.34909689648215486, 0.332375424616908, 0.30257563359505674, 0.26004156457940414, 0.20660194736208864, 0.14585651462173327, 0.083430180923627362, 0.027175543619568032, -0.012698632657123177, -0.023598222604331809, 0.0093578098353035988
grasp
probs
0.0, 0.5720734126984158, 0.7548611111110812, 0.5881944444444146, 0.5048611111110812, 0.4743055555555256, 0.46612750172529943, 0.43853088336782803, 0.42723861283641434, 0.42133583505867706, 0.4602247239475621, 0.3364583333333333, 0.2947916666666667, 0.15937500000000002, 0.15937500000000002, 0.15937500000000002, 0.15937500000000002, 0.18457341269839087, 0.18457341269839087, 0.3274305555555575, 0.3271286231884059, 0.3271286231884059, 0.16775362318840592, 0.16666666666666666, 0.16666666666666666, 0.16666666666666666, 0.0, 0.0, 0.0, 0.0, 0.0, 0.13541666666666666, 0.14136904761904515, 0.14866071428571181, 0.14866071428571181, 0.2528273809523785, 0.25838293650793404, 0.2875496031746104, 0.2875496031746104, 0.28754960317453354, 0.25953027950310603, 0.3011969461697727, 0.19032738095237847, 0.14866071428571181, 0.013244047619045152, 0.013244047619045152, 0.013244047619045152, 0.013244047619045152, 0.013244047619045152, 0.17991071428571181, 0.18963293650794377, 0.18963293650794377, 0.20153769841271044, 0.20153769841271044, 0.20153769841271044, 0.20153769841271044, 0.22713293650793406, 0.30540674603167334, 0.26324404761904513, 0.39866071428571176, 0.30342261904768303, 0.23415933402354497, 0.17165933402354497, 0.10023076259490715, 0.09588293650794377, 0.022966269841277098, 0.16760912698411493, 0.20510912698410522, 0.2601686507936321, 0.337549603174587, 0.3736607142856981, 0.29467520703932815, 0.274592391304339, 0.27024456521737567, 0.27024456521737567, 0.27024456521737567, 0.19420289855072756, 0.19420289855072756, 0.19420289855072756, 0.19420289855072756, 0.19420289855072756, 0.08333333333333333, 0.09999999999999999, 0.09999999999999999, 0.09999999999999999, 0.08333333333333333, 0.08333333333333333, 0.08333333333333333, 0.08333333333333333, 0.08333333333333333, 0.08333333333333333
times_polyfit
0.0, 0.229066581726, 0.458133163452, 0.687199745178, 0.916266326904, 1.14533290863, 1.374399490356, 1.603466072082, 1.832532653808, 2.061599235534, 2.29066581726, 2.519732398986, 2.748798980712, 2.977865562438, 3.206932144164, 3.43599872589, 3.665065307616, 3.894131889342, 4.123198471068, 4.352265052794, 4.58133163452, 4.810398216246, 5.039464797972, 5.2685313796980004, 5.497597961424, 5.72666454315, 5.955731124876, 6.184797706602, 6.413864288328, 6.642930870054, 6.87199745178, 7.101064033506, 7.330130615232, 7.559197196958, 7.788263778684, 8.01733036041, 8.246396942136, 8.475463523862, 8.704530105588, 8.933596687314001, 9.16266326904, 9.391729850766, 9.620796432492, 9.849863014218, 10.078929595944, 10.30799617767, 10.537062759396001, 10.766129341122, 10.995195922848, 11.224262504574, 11.4533290863
prob_polyfit
0.48720297111182231, 0.31740763434124319, 0.29956738074989264, 0.34704035698569913, 0.40694212176843469, 0.4506390939942776, 0.46618897144225258, 0.45244858978718894, 0.41459515776190059, 0.36083115194260207, 0.30006638375617445, 0.24039286192594289, 0.18818906568356153, 0.14771011767938214, 0.12103910062137835, 0.10829239826330939, 0.10798845944818625, 0.1175047834896995, 0.13356220624537796, 0.15268872880043938, 0.17162717473729339, 0.18766188751773816, 0.19884948654823675, 0.20414738903518026, 0.20344137477247626, 0.19747992251724023, 0.18772837964173339, 0.17616024124499352, 0.16500591092002226, 0.15648129287264678, 0.15251942406468399, 0.15452809555517033, 0.16319503417586068, 0.17835971915987547, 0.19896729328587914, 0.2231152945972944, 0.24819808264297405, 0.27114686270026345, 0.28875512232062339, 0.29807008699815041, 0.29682047569247094, 0.28383939229517841, 0.25942862613396611, 0.22559695294246429, 0.18609022761790717, 0.14611514150281335, 0.11164147987417505, 0.088149559474299699, 0.078670252166086363, 0.080944607692610027, 0.083508577846906795
cut
probs
0.0, 0.6004965867466681, 0.5233445720945469, 0.4065263902763376, 0.4898597236096709, 0.44819305694300415, 0.5373688811187091, 0.5251893939392219, 0.5085227272725553, 0.42518939393934696, 0.42518939393934696, 0.2680916927899166, 0.2680916927899166, 0.11082941483802579, 0.11082941483802579, 0.11082941483802579, 0.11082941483802579, 0.11082941483802579, 0.11082941483802579, 0.2504271159874351, 0.2504271159874351, 0.23249999999997897, 0.39916666666664563, 0.39916666666664563, 0.39916666666664563, 0.40060344827583916, 0.2572701149425268, 0.2558333333333333, 0.26909090909091066, 0.26909090909091066, 0.2718097419821554, 0.4337415601639251, 0.36707489349728345, 0.2108248934972934, 0.2108248934972934, 0.24802727444976494, 0.2505913770138675, 0.28697510822518685, 0.28697510822518685, 0.25574800199803466, 0.37022144522143324, 0.4185007974481499, 0.2990633527090029, 0.24950194920023502, 0.07898209549076685, 0.08731542882410019, 0.08731542882410019, 0.044366710875345265, 0.055056897881339016, 0.23483317045920302, 0.24758620689644875, 0.28268939393925024, 0.29871503496502233, 0.2768694236797982, 0.26853609034646486, 0.26853609034646486, 0.2560589841193282, 0.3009765665369289, 0.2751066031669674, 0.2571794871795113, 0.23884615384617883, 0.185000000000025, 0.1982575757576023, 0.11492424242426898, 0.11492424242426898, 0.1414393939393719, 0.07893939393937192, 0.10778554778552579, 0.10778554778552579, 0.09111888111883414, 0.11611888111883412, 0.0456060606060136, 0.20643939393934693, 0.20643939393934693, 0.16666666666666666, 0.16666666666666666, 0.3333333333333333, 0.3333333333333333, 0.3333333333333333, 0.3333333333333333, 0.3333333333333333, 0.16666666666666666, 0.1705128205128205, 0.0038461538461538464, 0.0038461538461538464, 0.0, 0.0, 0.0, 0.0, 0.0, 0.0
times_polyfit
0.0, 0.229066581726, 0.458133163452, 0.687199745178, 0.916266326904, 1.14533290863, 1.374399490356, 1.603466072082, 1.832532653808, 2.061599235534, 2.29066581726, 2.519732398986, 2.748798980712, 2.977865562438, 3.206932144164, 3.43599872589, 3.665065307616, 3.894131889342, 4.123198471068, 4.352265052794, 4.58133163452, 4.810398216246, 5.039464797972, 5.2685313796980004, 5.497597961424, 5.72666454315, 5.955731124876, 6.184797706602, 6.413864288328, 6.642930870054, 6.87199745178, 7.101064033506, 7.330130615232, 7.559197196958, 7.788263778684, 8.01733036041, 8.246396942136, 8.475463523862, 8.704530105588, 8.933596687314001, 9.16266326904, 9.391729850766, 9.620796432492, 9.849863014218, 10.078929595944, 10.30799617767, 10.537062759396001, 10.766129341122, 10.995195922848, 11.224262504574, 11.4533290863
prob_polyfit
0.39376490526556807, 0.85624632530166245, 0.97794891349934365, 0.91474736794971867, 0.76957500223417452, 0.60624338083564377, 0.46052273117903719, 0.34887567033623834, 0.2752002905184836, 0.23590381525106596, 0.22359486758189173, 0.22965088281674251, 0.24588735110002324, 0.26552738966998191, 0.28364362081280681, 0.29721946941927846, 0.3049537936123643, 0.30691122316233055, 0.30410070334006156, 0.29804652647732133, 0.29039957980404885, 0.28262164612241825, 0.2757623635466222, 0.27033688189572458, 0.26630234636685812, 0.26312309384224419, 0.25990786359389317, 0.25559740224226046, 0.24917758261140377, 0.23989155757476666, 0.22742453315034949, 0.2120364699240278, 0.19462140840250242, 0.17667716209720452, 0.16017583204727415, 0.14733396800301946, 0.14029123484979933, 0.1407181376773623, 0.14938671558032168, 0.16575313267115077, 0.18761777451941852, 0.21094680033458402, 0.2299591040374851, 0.23760430297778767, 0.22658069927134661, 0.19106714759173982, 0.12936941296618953, 0.047709914336136583, -0.034580277484403732, -0.078176682949271603, -0.014860097133949646
trans_prob
place
probs
0.0, 0.513888888888889, 0.6666666666666666, 0.4583333333333333, 0.4583333333333333, 0.4583333333333333, 0.3194444444444445, 0.24652777777778276, 0.23611111111111113, 0.3333333333333333, 0.4166666666666667, 0.4166666666666667, 0.3333333333333333, 0.35784313725490197, 0.35784313725490197, 0.3682598039215686, 0.3682598039215686, 0.3682598039215686, 0.3682598039215686, 0.3682598039215686, 0.3682598039215686, 0.5520833333333334, 0.3854166666666667, 0.3854166666666667, 0.3854166666666667, 0.3854166666666667, 0.21875, 0.21875, 0.010416666666666666, 0.010416666666666666, 0.09375, 0.09375, 0.09375, 0.09375, 0.08333333333333333, 0.08333333333333333, 0.0, 0.0, 0.0, 0.0, 0.16666666666666666, 0.16666666666666666, 0.2708333333331771, 0.2708333333331771, 0.2708333333331771, 0.2708333333331771, 0.2708333333331771, 0.16666666666666666, 0.16666666666666666, 0.16666666666666666, 0.16666666666666666, 0.1875, 0.1875, 0.16666666666666666, 0.16666666666666666, 0.16666666666666666, 0.16666666666666666, 0.16666666666666666, 0.16666666666666666, 0.375, 0.20833333333333334, 0.2916666666666667, 0.08333333333333333, 0.08333333333333333, 0.08333333333333333, 0.08333333333333333, 0.08333333333333333, 0.08333333333333333, 0.08333333333333333, 0.16666666666666666, 0.1111111111111111, 0.16666666666666666, 0.3333333333333333, 0.3333333333333333, 0.3333333333333333, 0.3333333333333333, 0.5, 0.4166666666666667, 0.4166666666666667, 0.4270833333333333, 0.4270833333333333, 0.4270833333333333, 0.4270833333333333, 0.2604166666666667, 0.2604166666666667, 0.3020833333333333, 0.3020833333333333, 0.3020833333333333, 0.3020833333333333, 0.34375, 0.34375
times_polyfit
0.0, 0.229066581726, 0.458133163452, 0.687199745178, 0.916266326904, 1.14533290863, 1.374399490356, 1.603466072082, 1.832532653808, 2.061599235534, 2.29066581726, 2.519732398986, 2.748798980712, 2.977865562438, 3.206932144164, 3.43599872589, 3.665065307616, 3.894131889342, 4.123198471068, 4.352265052794, 4.58133163452, 4.810398216246, 5.039464797972, 5.2685313796980004, 5.497597961424, 5.72666454315, 5.955731124876, 6.184797706602, 6.413864288328, 6.642930870054, 6.87199745178, 7.101064033506, 7.330130615232, 7.559197196958, 7.788263778684, 8.01733036041, 8.246396942136, 8.475463523862, 8.704530105588, 8.933596687314001, 9.16266326904, 9.391729850766, 9.620796432492, 9.849863014218, 10.078929595944, 10.30799617767, 10.537062759396001, 10.766129341122, 10.995195922848, 11.224262504574, 11.4533290863
prob_polyfit
0.41237637407774652, 0.75421038335320933, 0.77220892312442579, 0.65008794535886871, 0.49740423655871557, 0.37158016677887928, 0.29514081900772327, 0.26889479057257037, 0.28171900433303498, 0.31754023432467082, 0.36004173821363838, 0.3955623974195327, 0.41459809505926237, 0.41226071195802205, 0.38799909186681159, 0.34483861871653321, 0.28835166122754063, 0.22553007348397702, 0.16369319416731354, 0.10953036202802469, 0.068345860863251562, 0.04354642374228479, 0.036386963513983406, 0.045969054701716305, 0.069468870769078594, 0.10255678042655514, 0.13995962711566878, 0.17610885707947144, 0.20581312351758096, 0.22489277716839762, 0.2307157573598867, 0.22257982201387516, 0.20189480038588481, 0.1721306183358936, 0.1385122328824745, 0.1074613203119642, 0.085806590747397382, 0.079809951223802744, 0.094084409340131958, 0.13051160066591005, 0.18730213427140707, 0.25838058383188833, 0.33331890429099598, 0.39808732885022191, 0.43694039529653661, 0.43580766663655079, 0.38761394751137768, 0.30001235483167743, 0.20607547935343529, 0.17855507376416024, 0.3483892221970083
grasp
probs
0.0, 0.5821886446886443, 0.9166666666666666, 0.7083333333333334, 0.625, 0.625, 0.4166666666666667, 0.3333333333333333, 0.3333333333333333, 0.5416666666666666, 0.625, 0.4166666666666667, 0.3333333333333333, 0.3333333333333333, 0.3333333333333333, 0.3333333333333333, 0.3333333333333333, 0.3333333333333333, 0.3333333333333333, 0.3333333333333333, 0.3333333333333333, 0.3333333333333333, 0.3333333333333333, 0.3333333333333333, 0.3333333333333333, 0.3333333333333333, 0.16666666666666666, 0.16666666666666666, 0.16666666666666666, 0.16666666666666666, 0.16666666666666666, 0.16666666666666666, 0.16666666666666666, 0.0, 0.0, 0.0, 0.0, 0.0, 0.0, 0.0, 0.16666666666666666, 0.16666666666666666, 0.16666666666666666, 0.16666666666666666, 0.16666666666666666, 0.16666666666666666, 0.16666666666666666, 0.16666666666666666, 0.16666666666666666, 0.16666666666666666, 0.16666666666666666, 0.16666666666666666, 0.16666666666666666, 0.16666666666666666, 0.16666666666666666, 0.16666666666666666, 0.16666666666666666, 0.16666666666666666, 0.16666666666666666, 0.16666666666666666, 0.0, 0.0, 0.0, 0.0, 0.08333333333333333, 0.08333333333333333, 0.08333333333333333, 0.08333333333333333, 0.08333333333333333, 0.16666666666666666, 0.08333333333333333, 0.08333333333333333, 0.25, 0.3333333333333333, 0.3333333333333333, 0.3333333333333333, 0.3333333333333333, 0.26190476190477924, 0.26190476190477924, 0.26190476190477924, 0.3333333333333333, 0.3333333333333333, 0.25, 0.25, 0.25, 0.25, 0.25, 0.25, 0.25, 0.25, 0.25
times_polyfit
0.0, 0.229066581726, 0.458133163452, 0.687199745178, 0.916266326904, 1.14533290863, 1.374399490356, 1.603466072082, 1.832532653808, 2.061599235534, 2.29066581726, 2.519732398986, 2.748798980712, 2.977865562438, 3.206932144164, 3.43599872589, 3.665065307616, 3.894131889342, 4.123198471068, 4.352265052794, 4.58133163452, 4.810398216246, 5.039464797972, 5.2685313796980004, 5.497597961424, 5.72666454315, 5.955731124876, 6.184797706602, 6.413864288328, 6.642930870054, 6.87199745178, 7.101064033506, 7.330130615232, 7.559197196958, 7.788263778684, 8.01733036041, 8.246396942136, 8.475463523862, 8.704530105588, 8.933596687314001, 9.16266326904, 9.391729850766, 9.620796432492, 9.849863014218, 10.078929595944, 10.30799617767, 10.537062759396001, 10.766129341122, 10.995195922848, 11.224262504574, 11.4533290863
prob_polyfit
0.56050463957431584, 0.81082352496401877, 0.82476149314243408, 0.73232593874253782, 0.61189303099114034, 0.50542155994389248, 0.43037241702758045, 0.38883592326781469, 0.37432054502116396, 0.37661013975359237, 0.38505275341159773, 0.39060214621885403, 0.38689365529934849, 0.37059871037779302, 0.3412673029403448, 0.3008349696513466, 0.25294038751863179, 0.20217149127456469, 0.15333211270297098, 0.11079750717796411, 0.078005774507828418, 0.057113099277270818, 0.048823930271308269, 0.052392689232514611, 0.065781346142139041, 0.085947221467500112, 0.10922767531329813, 0.13178291921629604, 0.15005503839865031, 0.16120044066214478, 0.16345435273137876, 0.1563896657804793, 0.1410383891039515, 0.11985220432340493, 0.096489122398389027, 0.075426031556852235, 0.061411986888905146, 0.058794430656439856, 0.070770147439721098, 0.098634649484840464, 0.14112785473410905, 0.1940003643306063, 0.2499533657240931, 0.29913618446937273, 0.33041877988038659, 0.33369202892484107, 0.30348646755477016, 0.24424026060704729, 0.17758954846923269, 0.15209897319063681, 0.25589711699104067
cut
probs
0.0, 0.625, 0.5897435897435017, 0.32124982860279694, 0.40458316193613025, 0.40458316193613025, 0.5934343434345586, 0.5150029708855453, 0.5934343434345586, 0.3712121212121257, 0.3712121212121257, 0.3712121212121257, 0.28787878787879234, 0.25, 0.25, 0.25, 0.25, 0.25, 0.25, 0.25, 0.25, 0.29166666666676666, 0.45833333333343335, 0.45833333333343335, 0.45833333333343335, 0.45833333333343335, 0.36029411764726954, 0.36029411764726954, 0.3186274509805029, 0.3186274509805029, 0.3186274509805029, 0.3186274509805029, 0.2519607843138612, 0.08529411764719454, 0.08529411764719454, 0.08529411764719454, 0.08529411764719454, 0.08529411764719454, 0.08529411764719454, 0.08529411764719454, 0.18333333333335833, 0.18333333333335833, 0.39166666666669164, 0.41944444444440004, 0.41944444444440004, 0.42777777777773335, 0.42777777777773335, 0.19166666666669166, 0.19166666666669166, 0.19166666666669166, 0.19166666666669166, 0.40000000000002495, 0.40000000000002495, 0.40000000000002495, 0.39166666666669164, 0.39166666666669164, 0.39166666666669164, 0.39166666666669164, 0.39166666666669164, 0.39166666666669164, 0.5019607843138613, 0.5019607843138613, 0.2936274509805279, 0.08529411764719454, 0.10980392156873549, 0.10980392156873549, 0.31813725490206884, 0.3769607843138612, 0.1686274509805279, 0.15196078431383622, 0.09640522875828066, 0.15196078431383622, 0.25, 0.1911764705882076, 0.1911764705882076, 0.1911764705882076, 0.35784313725487427, 0.3333333333333333, 0.3333333333333333, 0.3333333333333333, 0.3333333333333333, 0.3333333333333333, 0.3333333333333333, 0.16666666666666666, 0.16666666666666666, 0.16666666666666666, 0.16666666666666666, 0.16666666666666666, 0.16666666666666666, 0.16666666666666666, 0.16666666666666666
times_polyfit
0.0, 0.229066581726, 0.458133163452, 0.687199745178, 0.916266326904, 1.14533290863, 1.374399490356, 1.603466072082, 1.832532653808, 2.061599235534, 2.29066581726, 2.519732398986, 2.748798980712, 2.977865562438, 3.206932144164, 3.43599872589, 3.665065307616, 3.894131889342, 4.123198471068, 4.352265052794, 4.58133163452, 4.810398216246, 5.039464797972, 5.2685313796980004, 5.497597961424, 5.72666454315, 5.955731124876, 6.184797706602, 6.413864288328, 6.642930870054, 6.87199745178, 7.101064033506, 7.330130615232, 7.559197196958, 7.788263778684, 8.01733036041, 8.246396942136, 8.475463523862, 8.704530105588, 8.933596687314001, 9.16266326904, 9.391729850766, 9.620796432492, 9.849863014218, 10.078929595944, 10.30799617767, 10.537062759396001, 10.766129341122, 10.995195922848, 11.224262504574, 11.4533290863
prob_polyfit
0.37423815043892483, 1.041221861484968, 1.1848903768345189, 1.0639679499939594, 0.8433900860841218, 0.61990683996519669, 0.4424854919917619, 0.32826355161422904, 0.27473357410934207, 0.26877493055368384, 0.29308444575075698, 0.33049771318331567, 0.36663591018973329, 0.39125907045380204, 0.39865602455502136, 0.38735359274770909, 0.35938310732290313, 0.31930095486023669, 0.27312156139421739, 0.22728609599743643, 0.1877581405361054, 0.15930866535707133, 0.1450268624541392, 0.14607071918977022, 0.16165166696418731, 0.18923121029561452, 0.2248941326136501, 0.26385268564622899, 0.30102909971490754, 0.33165980227261949, 0.35186390204720419, 0.35912078571459227, 0.3526070834782592, 0.33335178917467567, 0.30417996943130043, 0.26943026508454915, 0.23444927667214921, 0.20488693398957503, 0.18584107768663694, 0.18092672874953786, 0.19137588915207482, 0.21530720450733776, 0.24734142610473719, 0.27877833746181346, 0.29859365588791797, 0.29556038739406654, 0.2618481978331294, 0.19850657064232757, 0.12329284596559142, 0.081364681882616252, 0.15941804399603876
