times
0, 0.000312805175781, 0.000364065170288, 0.000786066055298, 0.127002954483, 1.18261194229, 1.18342089653, 1.18393588066, 1.9337580204, 1.9339530468, 1.93412208557, 1.93465590477, 2.23764610291, 2.53727197647, 2.53766107559, 3.59049391747, 3.5916929245, 3.5921189785, 4.64589500427, 4.6471350193, 4.64850401878, 5.8524749279, 5.85307192802, 5.85443592072, 6.1538670063, 6.15517306328, 6.15559601784, 6.30547094345, 6.60706996918, 6.90793609619, 6.90958809853, 6.90990996361
start_prob
pour_water
probs
0.0, 0.22809022556397335, 0.22809022556397335, 0.22809022556397335, 0.06861654135348892, 0.042, 0.184000000000042, 0.17876190476194675, 0.2319197994987749, 0.08877694235587576, 0.11651127819558023, 0.12463157894735993, 0.07147368421053178, 0.26004511278217035, 0.1830275689222833, 0.21300250626564168, 0.14602005012552877, 0.16794987468693226, 0.1174486215541002, 0.17944862155389021, 0.13333333333333333, 0.2, 0.22133333333333335, 0.25692230576441105, 0.19025563909774437, 0.0775889724310777, 0.042, 0.042, 0.0, 0.0, 0.0, 0.0
times_polyfit
0.0, 0.1381981992722, 0.2763963985444, 0.4145945978166, 0.5527927970888, 0.690990996361, 0.8291891956332, 0.9673873949054, 1.1055855941776, 1.2437837934498002, 1.381981992722, 1.5201801919942, 1.6583783912664, 1.7965765905386002, 1.9347747898108, 2.072972989083, 2.2111711883552, 2.3493693876274, 2.4875675868996003, 2.6257657861718, 2.763963985444, 2.9021621847162002, 3.0403603839884, 3.1785585832606, 3.3167567825328, 3.4549549818050003, 3.5931531810772004, 3.7313513803494, 3.8695495796216, 4.0077477788938, 4.145945978166, 4.2841441774382005, 4.4223423767104, 4.5605405759826, 4.6987387752548, 4.836936974527, 4.975135173799201, 5.1133333730714, 5.2515315723436, 5.389729771615801, 5.527927970888, 5.6661261701602, 5.8043243694324005, 5.9425225687046, 6.0807207679768, 6.218918967249, 6.3571171665212, 6.495315365793401, 6.6335135650656, 6.7717117643378, 6.9099099636100005
prob_polyfit
0.17144503745933792, 0.062192207364411181, 0.018101214270445004, 0.016540631904255532, 0.03828497294271449, 0.068638267674391296, 0.097644448560471053, 0.11969036782956843, 0.13274599058771397, 0.13743225088349065, 0.13605983916563669, 0.13174141303290221, 0.12764499553017528, 0.12642725291731161, 0.12986153325440353, 0.13865660473587371, 0.15244756489218791, 0.16993000498912836, 0.18910181461654552, 0.20757360599775132, 0.22290823239483504, 0.23295187655911875, 0.23612329990760172, 0.23163367742149998, 0.21961660358766388, 0.20115594746975041, 0.17820786661231414, 0.15342206641304901, 0.12987592021026173, 0.11074295212791951, 0.098924036047066677, 0.096675086430369594, 0.10526861647537777, 0.12472792269667443, 0.15367142891771635, 0.18930049324886666, 0.22755635534327179, 0.26346048450317094, 0.29163698846709418, 0.30699556435831599, 0.30552832380517247, 0.28514330997800275, 0.24642125177131091, 0.19313967583074798, 0.13235952741488499, 0.073813542003580812, 0.028272367958905198, 0.0044934731523607052, 0.0042787807191240201, 0.015079378285365541, -0.00051086241080899875
grasp_top
probs
0.0, 0.9920238095237682, 0.9920238095237682, 0.9920238095237682, 0.7920238095237682, 0.7692307692307693, 0.6556125356125356, 0.6374531949532156, 0.7041198616198823, 0.6863705738705945, 0.5907051282051282, 0.4868864468864448, 0.4202197802197781, 0.4038095238095218, 0.5504761904761885, 0.5733333333333334, 0.4799999999999999, 0.4602197802197781, 0.4799999999999999, 0.534074074074074, 0.5104843304843304, 0.5622176638176638, 0.4548102564102564, 0.4555428571428551, 0.4038095238095218, 0.4299633699633679, 0.45282051282051283, 0.45282051282051283, 0.4666666666666667, 0.4, 0.4, 0.4
times_polyfit
0.0, 0.1381981992722, 0.2763963985444, 0.4145945978166, 0.5527927970888, 0.690990996361, 0.8291891956332, 0.9673873949054, 1.1055855941776, 1.2437837934498002, 1.381981992722, 1.5201801919942, 1.6583783912664, 1.7965765905386002, 1.9347747898108, 2.072972989083, 2.2111711883552, 2.3493693876274, 2.4875675868996003, 2.6257657861718, 2.763963985444, 2.9021621847162002, 3.0403603839884, 3.1785585832606, 3.3167567825328, 3.4549549818050003, 3.5931531810772004, 3.7313513803494, 3.8695495796216, 4.0077477788938, 4.145945978166, 4.2841441774382005, 4.4223423767104, 4.5605405759826, 4.6987387752548, 4.836936974527, 4.975135173799201, 5.1133333730714, 5.2515315723436, 5.389729771615801, 5.527927970888, 5.6661261701602, 5.8043243694324005, 5.9425225687046, 6.0807207679768, 6.218918967249, 6.3571171665212, 6.495315365793401, 6.6335135650656, 6.7717117643378, 6.9099099636100005
prob_polyfit
0.74285967003508402, 0.79326287181063038, 0.73611308517471186, 0.66190488601636366, 0.61149160991233964, 0.59565615455525556, 0.60895184867173391, 0.63905367159230386, 0.67266964649226435, 0.69889050692496624, 0.71070185477769976, 0.70524609235650759, 0.68330052611218872, 0.64833230871571401, 0.60539941393976981, 0.56008872926524456, 0.51761670846826302, 0.48216395481657726, 0.45647170907718149, 0.4416945994647965, 0.43747927711476553, 0.44222181479794775, 0.4534470925729841, 0.46824993604996656, 0.48373961509313457, 0.49743555727845346, 0.50757188535125408, 0.51328075560620023, 0.51463855848606288, 0.51257394813452128, 0.50865149816854816, 0.50475864075816768, 0.50273553944756566, 0.50399677695856449, 0.509199312081694, 0.51801217820192802, 0.52903896492001623, 0.53993334711631169, 0.54772990733207427, 0.54938634126368635, 0.54249794708667176, 0.52610018080003806, 0.50141911686392104, 0.47236198888558389, 0.44545970505880872, 0.42887943972530396, 0.43001720112400976, 0.45105676931739458, 0.48174169510167753, 0.48845024568545492, 0.39848839400527991
place_top
probs
0.0, 0.7204666895997076, 0.7204666895997076, 0.7204666895997076, 0.5204666895997075, 0.4979325765393809, 0.5314619883041077, 0.5016296296296175, 0.5682962962962842, 0.5309629629629653, 0.5374819401444396, 0.5194858387798521, 0.45281917211318545, 0.60740740740736, 0.6741525054465763, 0.6344643962848636, 0.754385964912314, 0.7271267056529497, 0.8, 0.6365490196078365, 0.5547868363719329, 0.5981201697052662, 0.504316248136646, 0.539856209150363, 0.49652287581702964, 0.5005228758170297, 0.4311895424836963, 0.4311895424836963, 0.4212865497076392, 0.4, 0.4, 0.4
times_polyfit
0.0, 0.1381981992722, 0.2763963985444, 0.4145945978166, 0.5527927970888, 0.690990996361, 0.8291891956332, 0.9673873949054, 1.1055855941776, 1.2437837934498002, 1.381981992722, 1.5201801919942, 1.6583783912664, 1.7965765905386002, 1.9347747898108, 2.072972989083, 2.2111711883552, 2.3493693876274, 2.4875675868996003, 2.6257657861718, 2.763963985444, 2.9021621847162002, 3.0403603839884, 3.1785585832606, 3.3167567825328, 3.4549549818050003, 3.5931531810772004, 3.7313513803494, 3.8695495796216, 4.0077477788938, 4.145945978166, 4.2841441774382005, 4.4223423767104, 4.5605405759826, 4.6987387752548, 4.836936974527, 4.975135173799201, 5.1133333730714, 5.2515315723436, 5.389729771615801, 5.527927970888, 5.6661261701602, 5.8043243694324005, 5.9425225687046, 6.0807207679768, 6.218918967249, 6.3571171665212, 6.495315365793401, 6.6335135650656, 6.7717117643378, 6.9099099636100005
prob_polyfit
0.5399360303615417, 0.52048211094702745, 0.50548991295596601, 0.49811915702595999, 0.49740432817944025, 0.50073789985378236, 0.50539265962608482, 0.50933715519696099, 0.51155299623428152, 0.51202245695198301, 0.5115192651785827, 0.51130437552257857, 0.51280164643535042, 0.51730541287401133, 0.52575270724492584, 0.53857707073070271, 0.55564825433747944, 0.57629237341268569, 0.59937999034416789, 0.62346489702672614, 0.64695379084117532, 0.66828632469874605, 0.68610590253119741, 0.699403825819367, 0.70762271371849839, 0.71070925842964094, 0.70911107803660622, 0.70371743046935764, 0.69574859390680621, 0.68660354018769887, 0.67767986800135238, 0.67018356117462918, 0.66494873360967544, 0.66228885570464435, 0.6619007668443454, 0.66284080405261092, 0.66358835759973001, 0.66220583958634172, 0.65659516067063084, 0.6448390924407692, 0.62560108806658477, 0.59853898085720558, 0.56466621870097156, 0.52656866167045491, 0.48835520916837916, 0.45518637190598976, 0.43218610139286784, 0.42249847554242537, 0.42420195249525183, 0.42573958461824646, 0.39946357182476766
place
probs
0.0, 0.3333333333333333, 0.3333333333333333, 0.3333333333333333, 0.13396396396396457, 0.14366093366093427, 0.2303276003276009, 0.2206306306306312, 0.2866666666666667, 0.23555555555555555, 0.29378787878791124, 0.3350000000000071, 0.2689639639639717, 0.3469554169554266, 0.459257004257024, 0.41804488304485216, 0.4657432957432547, 0.4895195195194694, 0.492409962409972, 0.33018774018774977, 0.2206306306306312, 0.26333333333333336, 0.17666666666666667, 0.17666666666666667, 0.13333333333333333, 0.13333333333333333, 0.14303030303030304, 0.14303030303030304, 0.14303030303030304, 0.13333333333333333, 0.13333333333333333, 0.13333333333333333
times_polyfit
0.0, 0.1381981992722, 0.2763963985444, 0.4145945978166, 0.5527927970888, 0.690990996361, 0.8291891956332, 0.9673873949054, 1.1055855941776, 1.2437837934498002, 1.381981992722, 1.5201801919942, 1.6583783912664, 1.7965765905386002, 1.9347747898108, 2.072972989083, 2.2111711883552, 2.3493693876274, 2.4875675868996003, 2.6257657861718, 2.763963985444, 2.9021621847162002, 3.0403603839884, 3.1785585832606, 3.3167567825328, 3.4549549818050003, 3.5931531810772004, 3.7313513803494, 3.8695495796216, 4.0077477788938, 4.145945978166, 4.2841441774382005, 4.4223423767104, 4.5605405759826, 4.6987387752548, 4.836936974527, 4.975135173799201, 5.1133333730714, 5.2515315723436, 5.389729771615801, 5.527927970888, 5.6661261701602, 5.8043243694324005, 5.9425225687046, 6.0807207679768, 6.218918967249, 6.3571171665212, 6.495315365793401, 6.6335135650656, 6.7717117643378, 6.9099099636100005
prob_polyfit
0.2502483264056436, 0.12724063497142779, 0.069742249721347238, 0.056863918495180243, 0.071116788641269857, 0.0990091560979805, 0.1310489342651881, 0.16135369571662611, 0.18702974406963752, 0.20744603633341957, 0.22349763828559549, 0.23692649736518206, 0.24974439970326107, 0.26378378072602499, 0.28038632274396508, 0.30022673857101106, 0.32325954798376139, 0.34876974421902024, 0.37550376120305423, 0.40185482929331257, 0.42607638847886536, 0.44649845371418911, 0.46172443783791789, 0.47078967383832876, 0.4732674805586618, 0.46931382476886946, 0.45964718835363055, 0.44546589267046305, 0.42831060338643362, 0.40988477881388502, 0.39185017339855194, 0.37561790606912088, 0.36215779112110863, 0.35184934763680048, 0.34439689267518209, 0.33882812402841161, 0.33359035077431426, 0.32675077457834661, 0.31629670229777113, 0.300518021244853, 0.27843743317098174, 0.25023356194389529, 0.21757786347708724, 0.18377801551536138, 0.15358788941346607, 0.13250704697570165, 0.12535070288609756, 0.13382398806712786, 0.15278188166699341, 0.16479808994972939, 0.13260217945000957
grasp
probs
0.0, 0.7137638733081564, 0.7137638733081564, 0.7137638733081564, 0.5281228476671432, 0.5391739536930833, 0.6236464237516538, 0.5450499325235956, 0.5973576248312755, 0.47125506072874246, 0.4976410256410036, 0.45462653288738886, 0.40231884057970907, 0.40231884057970907, 0.5356521739130424, 0.5333333333333333, 0.4, 0.40231884057970907, 0.4, 0.5207692307691997, 0.5207692307691997, 0.5649999999999676, 0.44907925407925675, 0.4502386743691139, 0.4060079051383459, 0.4399472990778549, 0.4654545454546645, 0.4654545454546645, 0.450947368421053, 0.4, 0.4, 0.4
times_polyfit
0.0, 0.1381981992722, 0.2763963985444, 0.4145945978166, 0.5527927970888, 0.690990996361, 0.8291891956332, 0.9673873949054, 1.1055855941776, 1.2437837934498002, 1.381981992722, 1.5201801919942, 1.6583783912664, 1.7965765905386002, 1.9347747898108, 2.072972989083, 2.2111711883552, 2.3493693876274, 2.4875675868996003, 2.6257657861718, 2.763963985444, 2.9021621847162002, 3.0403603839884, 3.1785585832606, 3.3167567825328, 3.4549549818050003, 3.5931531810772004, 3.7313513803494, 3.8695495796216, 4.0077477788938, 4.145945978166, 4.2841441774382005, 4.4223423767104, 4.5605405759826, 4.6987387752548, 4.836936974527, 4.975135173799201, 5.1133333730714, 5.2515315723436, 5.389729771615801, 5.527927970888, 5.6661261701602, 5.8043243694324005, 5.9425225687046, 6.0807207679768, 6.218918967249, 6.3571171665212, 6.495315365793401, 6.6335135650656, 6.7717117643378, 6.9099099636100005
prob_polyfit
0.53477819842376251, 0.52936006695538662, 0.52116010310633853, 0.51976228071484842, 0.52654211484394964, 0.538795931595904, 0.55244427542319396, 0.5636592697863485, 0.56970633022309392, 0.5692375670410148, 0.56222718197405208, 0.54969783329864519, 0.53335099113510165, 0.51518340301071697, 0.49714561328036327, 0.48087670273437289, 0.46753171071972954, 0.4577042454058789, 0.45143625248718378, 0.44829947267782039, 0.44752844786897616, 0.44818270882709071, 0.44931566786759913, 0.45012942207975043, 0.4500978204641265, 0.44904443580531972, 0.4471671833042441, 0.44500691696655181, 0.44336308554756781, 0.44316511652311863, 0.44531329315090035, 0.45050717023949693, 0.4590827128311587, 0.47088101258742976, 0.48517131348537446, 0.50064883521898684, 0.5155231939067435, 0.52770575891152427, 0.53509372637159236, 0.53593470785782604, 0.52923790105221813, 0.5151761020635679, 0.4953966103869335, 0.47312814107931717, 0.45293486951075401, 0.43992736457289272, 0.43819309245589, 0.44815606679015374, 0.46251575898865643, 0.46034923571401332, 0.39888733596902853
trans_prob
pour_water
probs
0.0, 0.38095238095258094, 0.38095238095258094, 0.38095238095258094, 0.3423558897244709, 0.3280701754385566, 0.3280701754385566, 0.2947368421052233, 0.3333333333333333, 0.3291925465838721, 0.31014492753625306, 0.31014492753625306, 0.31014492753625306, 0.31014492753625306, 0.5000000000007, 0.5000000000007, 0.3333333333333333, 0.3333333333333333, 0.3333333333333333, 0.3333333333333333, 0.3454545454545547, 0.3454545454545547, 0.32226613965747447, 0.31014492753625306, 0.24347826086958638, 0.26666666666666666, 0.26666666666666666, 0.26666666666666666, 0.26666666666666666, 0.26666666666666666, 0.26666666666666666, 0.26666666666666666
times_polyfit
0.0, 0.1381981992722, 0.2763963985444, 0.4145945978166, 0.5527927970888, 0.690990996361, 0.8291891956332, 0.9673873949054, 1.1055855941776, 1.2437837934498002, 1.381981992722, 1.5201801919942, 1.6583783912664, 1.7965765905386002, 1.9347747898108, 2.072972989083, 2.2111711883552, 2.3493693876274, 2.4875675868996003, 2.6257657861718, 2.763963985444, 2.9021621847162002, 3.0403603839884, 3.1785585832606, 3.3167567825328, 3.4549549818050003, 3.5931531810772004, 3.7313513803494, 3.8695495796216, 4.0077477788938, 4.145945978166, 4.2841441774382005, 4.4223423767104, 4.5605405759826, 4.6987387752548, 4.836936974527, 4.975135173799201, 5.1133333730714, 5.2515315723436, 5.389729771615801, 5.527927970888, 5.6661261701602, 5.8043243694324005, 5.9425225687046, 6.0807207679768, 6.218918967249, 6.3571171665212, 6.495315365793401, 6.6335135650656, 6.7717117643378, 6.9099099636100005
prob_polyfit
0.28521545649511532, 0.34671068729494459, 0.37300546577151972, 0.37962005141155064, 0.37540846555302215, 0.36533854201711813, 0.3523027014429792, 0.33821265624314872, 0.32458530963807269, 0.31278636425403999, 0.30406232495666036, 0.29946038861745655, 0.29970888205057938, 0.30510816008613323, 0.31546293034225409, 0.33007155139608219, 0.34777567841021001, 0.36706442652229337, 0.38622070912711376, 0.40349330724903948, 0.41727625919451078, 0.42627704826483176, 0.42965653217522332, 0.42712632264375944, 0.41899310905875692, 0.40614394788095637, 0.38997153116488975, 0.37224362497078262, 0.35492595314955128, 0.33997251571246229, 0.32910139540266475, 0.32357724285457828, 0.32402356154161432, 0.33028836020585112, 0.34138542441753456, 0.35553010181506634, 0.37028281937381663, 0.38280527709333684, 0.39022311280667737, 0.39007452870624154, 0.38080663374271301, 0.36225980849657963, 0.33605496255160611, 0.3057688501879941, 0.27674836027688238, 0.2553756219489996, 0.24755159100467933, 0.25611622448624233, 0.27686813426681384, 0.29278545616370694, 0.2659823013964287
grasp_top
probs
0.0, 0.9916666666666667, 0.9916666666666667, 0.9916666666666667, 0.9916666666666667, 1.0, 1.0, 0.9000000000000791, 0.9000000000000791, 0.8466666666664471, 0.9111111111111112, 1.0, 0.9333333333333333, 0.9333333333333333, 0.9333333333333333, 0.9333333333333333, 0.5333333333333333, 0.4, 0.4, 0.5333333333333333, 0.6666666666666666, 0.7333333333333333, 0.7333333333333333, 0.6, 0.6, 0.6, 0.6, 0.6, 0.6, 1.0, 1.0, 0.8666666666666667
times_polyfit
0.0, 0.1381981992722, 0.2763963985444, 0.4145945978166, 0.5527927970888, 0.690990996361, 0.8291891956332, 0.9673873949054, 1.1055855941776, 1.2437837934498002, 1.381981992722, 1.5201801919942, 1.6583783912664, 1.7965765905386002, 1.9347747898108, 2.072972989083, 2.2111711883552, 2.3493693876274, 2.4875675868996003, 2.6257657861718, 2.763963985444, 2.9021621847162002, 3.0403603839884, 3.1785585832606, 3.3167567825328, 3.4549549818050003, 3.5931531810772004, 3.7313513803494, 3.8695495796216, 4.0077477788938, 4.145945978166, 4.2841441774382005, 4.4223423767104, 4.5605405759826, 4.6987387752548, 4.836936974527, 4.975135173799201, 5.1133333730714, 5.2515315723436, 5.389729771615801, 5.527927970888, 5.6661261701602, 5.8043243694324005, 5.9425225687046, 6.0807207679768, 6.218918967249, 6.3571171665212, 6.495315365793401, 6.6335135650656, 6.7717117643378, 6.9099099636100005
prob_polyfit
0.74187363459959799, 1.0123949302463926, 1.1564907186415319, 1.2108595995745819, 1.2057290028029521, 1.1652367213688619, 1.107927018521909, 1.0473300792294908, 0.99259632860439218, 0.94915992868527455, 0.91940857542880061, 0.90333953306866221, 0.89918464672400256, 0.90398984985484021, 0.91413741442179686, 0.92580186196947012, 0.93533304687345553, 0.93956242222821751, 0.93603088786303723, 0.92313888231389574, 0.90022149980704236, 0.86755337298232615, 0.8262898457584138, 0.77835255197473896, 0.72626889779302517, 0.67297610286290976, 0.6216013705070067, 0.57523041421909071, 0.53667695015128047, 0.50826585654948553, 0.49164248483773165, 0.48762006681108994, 0.49607628172275775, 0.51590880951344809, 0.54505808557557089, 0.58060347183450767, 0.61893665211824556, 0.65601323033719638, 0.68768024145621376, 0.71007356118194509, 0.72007500424120452, 0.71581421669509582, 0.69719527840406337, 0.66642222118066941, 0.62849141979659806, 0.59161201047769318, 0.56750811838945148, 0.57154871533361118, 0.62264236516969462, 0.74282493076382239, 0.9564584961313598
place_top
probs
0.0, 0.7561403508770632, 0.7561403508770632, 0.7561403508770632, 0.7561403508770632, 0.7711111111109331, 0.7111111111109351, 0.6733333333332854, 0.6733333333332854, 0.6333333333333333, 0.6, 0.6, 0.5333333333333333, 0.5333333333333333, 0.5333333333333333, 0.5333333333333333, 0.5333333333333333, 0.5333333333333333, 0.5333333333333333, 0.5333333333333333, 0.6166666666667062, 0.6833333333333729, 0.9500000000000396, 1.0, 1.0, 1.0, 0.9666666666665875, 0.9666666666665875, 0.9133333333327743, 1.0, 1.0, 0.8666666666666667
times_polyfit
0.0, 0.1381981992722, 0.2763963985444, 0.4145945978166, 0.5527927970888, 0.690990996361, 0.8291891956332, 0.9673873949054, 1.1055855941776, 1.2437837934498002, 1.381981992722, 1.5201801919942, 1.6583783912664, 1.7965765905386002, 1.9347747898108, 2.072972989083, 2.2111711883552, 2.3493693876274, 2.4875675868996003, 2.6257657861718, 2.763963985444, 2.9021621847162002, 3.0403603839884, 3.1785585832606, 3.3167567825328, 3.4549549818050003, 3.5931531810772004, 3.7313513803494, 3.8695495796216, 4.0077477788938, 4.145945978166, 4.2841441774382005, 4.4223423767104, 4.5605405759826, 4.6987387752548, 4.836936974527, 4.975135173799201, 5.1133333730714, 5.2515315723436, 5.389729771615801, 5.527927970888, 5.6661261701602, 5.8043243694324005, 5.9425225687046, 6.0807207679768, 6.218918967249, 6.3571171665212, 6.495315365793401, 6.6335135650656, 6.7717117643378, 6.9099099636100005
prob_polyfit
0.56567343734519482, 0.77010545953612364, 0.85378544535814882, 0.86850694876682255, 0.84876253352575026, 0.81602248021091039, 0.78231263943376161, 0.75314125419936384, 0.72983119878769709, 0.71131873825420544, 0.69548275500136936, 0.68006957028890125, 0.66327816243793092, 0.64406890325669441, 0.62225605328316713, 0.59844032821658089, 0.57383302680663895, 0.55001764789798968, 0.52868877470137554, 0.51140142109267894, 0.49935717123972156, 0.49324645353591356, 0.49315932609147306, 0.49857036731025661, 0.50839681477259968, 0.52112313216773987, 0.53497986078187476, 0.54816008246596737, 0.55905323848405053, 0.56647356660841708, 0.56985919066909729, 0.56941807591464566, 0.56619880341132656, 0.56206757067781132, 0.55957814730362343, 0.56172885674178885, 0.57161017233267741, 0.59195836020577075, 0.62464492750493483, 0.67014859478568822, 0.72707625981755064, 0.79182210987256574, 0.85847982421415181, 0.91915184142076334, 0.96483210075551873, 0.98707465635775171, 0.98070026127781751, 0.94783657821494649, 0.90363524929507455, 0.88406080115853469, 0.95620242779575171
place
probs
0.0, 0.39809523809539216, 0.39809523809539216, 0.39809523809539216, 0.39809523809539216, 0.4124542124544058, 0.4410256410258893, 0.40000000000015834, 0.40000000000015834, 0.3333333333333333, 0.3333333333333333, 0.3333333333333333, 0.26666666666666666, 0.26666666666666666, 0.26666666666666666, 0.26666666666666666, 0.13333333333333333, 0.13333333333333333, 0.13333333333333333, 0.26666666666666666, 0.4, 0.4666666666666667, 0.5111111111111675, 0.5111111111111675, 0.44747474747480376, 0.403030303030303, 0.26969696969696966, 0.26969696969696966, 0.26969696969696966, 0.26969696969696966, 0.26969696969696966, 0.26969696969696966
times_polyfit
0.0, 0.1381981992722, 0.2763963985444, 0.4145945978166, 0.5527927970888, 0.690990996361, 0.8291891956332, 0.9673873949054, 1.1055855941776, 1.2437837934498002, 1.381981992722, 1.5201801919942, 1.6583783912664, 1.7965765905386002, 1.9347747898108, 2.072972989083, 2.2111711883552, 2.3493693876274, 2.4875675868996003, 2.6257657861718, 2.763963985444, 2.9021621847162002, 3.0403603839884, 3.1785585832606, 3.3167567825328, 3.4549549818050003, 3.5931531810772004, 3.7313513803494, 3.8695495796216, 4.0077477788938, 4.145945978166, 4.2841441774382005, 4.4223423767104, 4.5605405759826, 4.6987387752548, 4.836936974527, 4.975135173799201, 5.1133333730714, 5.2515315723436, 5.389729771615801, 5.527927970888, 5.6661261701602, 5.8043243694324005, 5.9425225687046, 6.0807207679768, 6.218918967249, 6.3571171665212, 6.495315365793401, 6.6335135650656, 6.7717117643378, 6.9099099636100005
prob_polyfit
0.29774237898573969, 0.40319739522699949, 0.41336649357619071, 0.39457280404400974, 0.37821294025305813, 0.37469283424946814, 0.38314072659005488, 0.39785113572007075, 0.41226077330761518, 0.42112013951628963, 0.42140215312037493, 0.41238087483923952, 0.39521839723231939, 0.372315529895408, 0.34661123347617112, 0.32095607912291341, 0.29763556034066646, 0.27807909079301313, 0.26275921329890034, 0.25126215107690003, 0.24249458112513361, 0.23498163043127424, 0.22720681744184784, 0.21794521280188622, 0.20654570376656306, 0.19312614483915219, 0.17865559198348052, 0.1649099782532138, 0.15430072366988284, 0.14958911076903242, 0.15351202819438697, 0.16835611713274684, 0.1955266781916119, 0.23516413823250343, 0.2858636670732691, 0.34455190126564045, 0.40656790584865427, 0.46598271344074377, 0.51617225277374645, 0.55063144412465048, 0.56398192675175141, 0.55308152161116064, 0.5180893504956976, 0.46327575964364659, 0.39729006035920517, 0.33251082988633801, 0.28300234242657535, 0.26048585127199925, 0.26760514743601643, 0.28762130697037908, 0.26951103662754822
grasp
probs
0.0, 0.7642298850575948, 0.7642298850575948, 0.7642298850575948, 0.7232042440319181, 0.765870910698604, 0.6923076923076568, 0.5589743589743235, 0.5416666666666666, 0.5594444444444444, 0.9416666666666667, 0.8083333333333333, 0.8, 0.5333333333333333, 0.5333333333333333, 0.5333333333333333, 0.4, 0.4, 0.4, 0.5333333333333333, 0.5333333333333333, 0.5416666666666666, 0.5416666666666666, 0.5416666666666666, 0.6, 0.6, 0.6, 0.6, 0.6, 0.6, 0.6, 0.6
times_polyfit
0.0, 0.1381981992722, 0.2763963985444, 0.4145945978166, 0.5527927970888, 0.690990996361, 0.8291891956332, 0.9673873949054, 1.1055855941776, 1.2437837934498002, 1.381981992722, 1.5201801919942, 1.6583783912664, 1.7965765905386002, 1.9347747898108, 2.072972989083, 2.2111711883552, 2.3493693876274, 2.4875675868996003, 2.6257657861718, 2.763963985444, 2.9021621847162002, 3.0403603839884, 3.1785585832606, 3.3167567825328, 3.4549549818050003, 3.5931531810772004, 3.7313513803494, 3.8695495796216, 4.0077477788938, 4.145945978166, 4.2841441774382005, 4.4223423767104, 4.5605405759826, 4.6987387752548, 4.836936974527, 4.975135173799201, 5.1133333730714, 5.2515315723436, 5.389729771615801, 5.527927970888, 5.6661261701602, 5.8043243694324005, 5.9425225687046, 6.0807207679768, 6.218918967249, 6.3571171665212, 6.495315365793401, 6.6335135650656, 6.7717117643378, 6.9099099636100005
prob_polyfit
0.57139263817536845, 0.73568403226545143, 0.76803548804363508, 0.74010423300654948, 0.69587207929317185, 0.65933651119970205, 0.64068715586181813, 0.64116470982599627, 0.65678594134877111, 0.68110486184143904, 0.70716662004866038, 0.72879717944382083, 0.74135845307250303, 0.74208535080952176, 0.730108201844752, 0.70625131031037025, 0.67268604443783575, 0.6325049096166766, 0.5892715733522178, 0.5465908555153276, 0.50773233057267175, 0.47533146982014474, 0.45118324113175268, 0.43613484152964288, 0.4300768240925712, 0.43202535549452614, 0.44028276392192867, 0.45265896939830474, 0.46673288977117577, 0.48013054592509308, 0.49079540930640553, 0.49722660370128979, 0.49866195155293314, 0.49518560303831416, 0.48774416380392127, 0.4780609047932125, 0.46844485515807621, 0.46150040688395366, 0.4597535577150631, 0.46522314726066627, 0.47897946002545533, 0.50074843855066087, 0.52863753020519555, 0.55907894225587862, 0.58710786214604349, 0.60711707333981524, 0.61425542169454994, 0.60666582358951304, 0.58878901472371092, 0.57599207796330498, 0.60081601957572106
