times
0, 0.000110149383545, 0.00026798248291, 0.000308036804199, 0.0570249557495, 0.959954977036, 0.960157871246, 1.86371088028, 1.86392402649, 1.86407184601, 2.01434898376, 2.4660358429, 2.46648383141, 2.46657896042, 3.36877894402, 3.36898994446, 3.3691740036, 3.51892185211, 3.51919198036, 3.51936483383, 4.57268285751, 4.57298994064, 4.57318282127, 5.02437400818, 5.32532596588, 5.32548499107, 5.92831993103, 6.37887001038, 9.38871693611, 9.38882899284, 9.38905501366, 10.1419439316, 10.1421158314, 10.2027728558, 11.0449450016, 11.04519701, 11.0453219414, 11.3461880684, 11.7974939346, 11.7977058887, 11.7978129387, 12.7006828785, 12.7008199692, 12.7009868622
start_prob
pour_water
probs
0.0, 0.5397354497361098, 0.5170984126991038, 0.3837650793657705, 0.19709841269854386, 0.16328888888892004, 0.19528888888892001, 0.22909841269854384, 0.19709841269854386, 0.17328888888892002, 0.13978011695908152, 0.3264467836263082, 0.43276257309996446, 0.43276257309996446, 0.44657209690958827, 0.340256307435932, 0.350256307435932, 0.3164467836263082, 0.3364467836263082, 0.36727385129558116, 0.3574492898920863, 0.39830643274927113, 0.40497309941593784, 0.37890793650856963, 0.13890793650800964, 0.1110582010582555, 0.11439153439158885, 0.3543915343921488, 0.3291174603180719, 0.3291174603180719, 0.2547619047624648, 0.24000000000056002, 0.24000000000056002, 0.2738095238101838, 0.2738095238101838, 0.2738095238101838, 0.24000000000056002, 0.24000000000056002, 0.24000000000056002, 0.24000000000056002, 0.24000000000056002, 0.24000000000056002, 0.24000000000056002, 0.24000000000056002
times_polyfit
0.0, 0.254019737244, 0.508039474488, 0.762059211732, 1.016078948976, 1.27009868622, 1.524118423464, 1.778138160708, 2.032157897952, 2.286177635196, 2.54019737244, 2.7942171096840003, 3.048236846928, 3.302256584172, 3.556276321416, 3.81029605866, 4.064315795904, 4.318335533148, 4.572355270392, 4.826375007636, 5.08039474488, 5.334414482124, 5.5884342193680006, 5.842453956612, 6.096473693856, 6.3504934311, 6.604513168344, 6.858532905588, 7.112552642832, 7.366572380076001, 7.62059211732, 7.874611854564001, 8.128631591808, 8.382651329052, 8.636671066296, 8.89069080354, 9.144710540784, 9.398730278028001, 9.652750015272, 9.906769752516, 10.16078948976, 10.414809227004, 10.668828964248, 10.922848701492, 11.176868438736001, 11.43088817598, 11.684907913224, 11.938927650468, 12.192947387712, 12.446967124956, 12.7009868622
prob_polyfit
0.33280175786528654, 0.28369926254354261, 0.2240046254800635, 0.17631622596722668, 0.15087550164923652, 0.14963604154744961, 0.16942648620996112, 0.20434374151675894, 0.24750020779280979, 0.29223649440148208, 0.33289943190978061, 0.36527410923491144, 0.3867481518987424, 0.39627651963276411, 0.39420573709129025, 0.38200768034458926, 0.36196482413662878, 0.33684121060455885, 0.30956632926752969, 0.28295260060269822, 0.2594612314363236, 0.24102585968321455, 0.22893862867888781, 0.22379912745078478, 0.22552300278220594, 0.23340399182739779, 0.24622064033634772, 0.26237706125247251, 0.28006575154825664, 0.29743972165772703, 0.31278100177494594, 0.32465297257207959, 0.33202492460083077, 0.33435878072874192, 0.33165001945403405, 0.32441751385408202, 0.3136402511865003, 0.30064272188693864, 0.28693516378105299, 0.27401981779728113, 0.26317989540708353, 0.25527407527773815, 0.25056603727017335, 0.24862580611316509, 0.24834751441110481, 0.24813660571030349, 0.2463284824189339, 0.24191016131189425, 0.23562663018087571, 0.2315643038166334, 0.23931525540110232
grasp_top
probs
0.0, 0.42657407407407405, 0.359480056980057, 0.20873931623931624, 0.20873931623931624, 0.20909645909641775, 0.18029304029299895, 0.17612637362633227, 0.2053571428571015, 0.21333333333333335, 0.23666666666666666, 0.23666666666666666, 0.30333333333333334, 0.30333333333333334, 0.2953571428571015, 0.14869047619043485, 0.1525, 0.15666666666666668, 0.16999999999999998, 0.15059523809523193, 0.12726190476189855, 0.11392857142856523, 0.08008241758241139, 0.03317765567761432, 0.1159362763672695, 0.2548251652561584, 0.2924808429118774, 0.20972222222222223, 0.1092948717948718, 0.1092948717948718, 0.41750000000000004, 0.4761904761904348, 0.2628571428571015, 0.2625, 0.2625, 0.2758333333333333, 0.14666666666666667, 0.14666666666666667, 0.13333333333333333, 0.13333333333333333, 0.13333333333333333, 0.13333333333333333, 0.13333333333333333, 0.13333333333333333
times_polyfit
0.0, 0.254019737244, 0.508039474488, 0.762059211732, 1.016078948976, 1.27009868622, 1.524118423464, 1.778138160708, 2.032157897952, 2.286177635196, 2.54019737244, 2.7942171096840003, 3.048236846928, 3.302256584172, 3.556276321416, 3.81029605866, 4.064315795904, 4.318335533148, 4.572355270392, 4.826375007636, 5.08039474488, 5.334414482124, 5.5884342193680006, 5.842453956612, 6.096473693856, 6.3504934311, 6.604513168344, 6.858532905588, 7.112552642832, 7.366572380076001, 7.62059211732, 7.874611854564001, 8.128631591808, 8.382651329052, 8.636671066296, 8.89069080354, 9.144710540784, 9.398730278028001, 9.652750015272, 9.906769752516, 10.16078948976, 10.414809227004, 10.668828964248, 10.922848701492, 11.176868438736001, 11.43088817598, 11.684907913224, 11.938927650468, 12.192947387712, 12.446967124956, 12.7009868622
prob_polyfit
0.2452268468702237, 0.19133554683765572, 0.16657618746860892, 0.16419595378984073, 0.1765435854971561, 0.19628003665873631, 0.21714962605365448, 0.23440203532230061, 0.24494477484752933, 0.24729558456181802, 0.24139466868659556, 0.22832767975515525, 0.2100019681502219, 0.18881079880127208, 0.16731300663514928, 0.14794891685632686, 0.13280729515034675, 0.12345261645571129, 0.12081704903519566, 0.12515724319830593, 0.13607229118111233, 0.15257608637881284, 0.17321475635033348, 0.19621787477162747, 0.21967077280699579, 0.24169447019494086, 0.26061953070482868, 0.27514051551742691, 0.28443866151289798, 0.2882619494102181, 0.28695384920662526, 0.28142473739457263, 0.27306327200055347, 0.26358888759773857, 0.25485103306837398, 0.24858582008431743, 0.24614637994910973, 0.2482294407140391, 0.25462743523355802, 0.26404283414567042, 0.27400936559445754, 0.28097333590654494, 0.28059740231714669, 0.26835887032909445, 0.24052489420085379, 0.19559784967800845, 0.13633562299056903, 0.072463619882308344, 0.024207942409525424, 0.026792410012118656, 0.1360559144482594
place_top
probs
0.0, 0.3685829959513842, 0.2302431266703446, 0.10024312667034459, 0.07973030615750136, 0.019566563467488276, 0.0204293085655348, 0.06281527347773455, 0.06140350877183713, 0.058128654970745645, 0.08146198830407898, 0.10197480881692221, 0.23530814215025556, 0.23530814215025556, 0.2172496626180521, 0.07191632928473317, 0.11102744039584143, 0.06864147548364169, 0.06864147548364169, 0.0748792922476985, 0.05154595891436517, 0.05154595891436517, 0.05154595891436517, 0.020512820512843234, 0.061538461538603546, 0.19487179487193687, 0.23398290598304516, 0.19295726495728485, 0.07303569632983452, 0.07303569632983452, 0.25495726495724547, 0.22286369770578895, 0.16086369770582834, 0.22102744039584143, 0.26436077372917477, 0.28191632928471755, 0.2147350427350527, 0.1714017094017194, 0.15384615384617656, 0.15384615384617656, 0.15384615384617656, 0.15384615384617656, 0.15384615384617656, 0.15384615384617656
times_polyfit
0.0, 0.254019737244, 0.508039474488, 0.762059211732, 1.016078948976, 1.27009868622, 1.524118423464, 1.778138160708, 2.032157897952, 2.286177635196, 2.54019737244, 2.7942171096840003, 3.048236846928, 3.302256584172, 3.556276321416, 3.81029605866, 4.064315795904, 4.318335533148, 4.572355270392, 4.826375007636, 5.08039474488, 5.334414482124, 5.5884342193680006, 5.842453956612, 6.096473693856, 6.3504934311, 6.604513168344, 6.858532905588, 7.112552642832, 7.366572380076001, 7.62059211732, 7.874611854564001, 8.128631591808, 8.382651329052, 8.636671066296, 8.89069080354, 9.144710540784, 9.398730278028001, 9.652750015272, 9.906769752516, 10.16078948976, 10.414809227004, 10.668828964248, 10.922848701492, 11.176868438736001, 11.43088817598, 11.684907913224, 11.938927650468, 12.192947387712, 12.446967124956, 12.7009868622
prob_polyfit
0.16261153348916271, 0.074432327848971094, 0.018392394077050123, -0.0051013888292853193, -0.0015837366353937954, 0.020618296009587894, 0.052602589093171864, 0.086351020983636811, 0.11558467337947023, 0.13615111769316893, 0.14606232319377924, 0.14528533817579706, 0.13537251721329405, 0.11900370019715625, 0.099499392340532539, 0.080351648672372572, 0.064808031722031006, 0.055533687128646952, 0.054367268787757245, 0.062178142874399517, 0.07882500865654099, 0.10320979343516704, 0.13341540921776043, 0.16691169985109469, 0.20081065930370515, 0.23214976460554351, 0.25818104061117975, 0.27664325826666136, 0.28599546341522863, 0.2855918393827217, 0.27578072364250295, 0.25791442675540965, 0.23426134053104478, 0.20781767196300163, 0.18202299991587137, 0.16039172286620443, 0.14608134810831433, 0.14142846584453486, 0.14749415543291369, 0.1636724856777825, 0.18742869671009513, 0.21424758724483309, 0.2378875783184973, 0.25105188269529721, 0.24660517797230555, 0.21948216128525957, 0.16945335404786246, 0.10493352674529224, 0.048039125954272538, 0.041123109057916746, 0.15503862613813849
place
probs
0.0, 0.5748575148575678, 0.4326352926353455, 0.3020046620047143, 0.1464491064488773, 0.11111111111082962, 0.11111111111082962, 0.1367521367519076, 0.19230769230751063, 0.18867132867112169, 0.212004662004455, 0.36756021756029206, 0.4542268842269112, 0.4542268842269112, 0.4455555555555809, 0.30333333333335866, 0.32533799533804764, 0.2996969696969697, 0.2996969696969697, 0.3057575757576011, 0.283054873054899, 0.283054873054899, 0.283054873054899, 0.2672972972972979, 0.0006306306306312136, 0.13396396396396457, 0.15596862596865355, 0.4226352926353202, 0.2893019593019869, 0.2893019593019869, 0.4226352926353202, 0.4006306306306312, 0.43618618618618676, 0.4715241815242344, 0.5142268842269365, 0.48756021756026985, 0.4522222222222222, 0.40951951951952015, 0.4006306306306312, 0.4006306306306312, 0.4006306306306312, 0.4, 0.4, 0.4
times_polyfit
0.0, 0.254019737244, 0.508039474488, 0.762059211732, 1.016078948976, 1.27009868622, 1.524118423464, 1.778138160708, 2.032157897952, 2.286177635196, 2.54019737244, 2.7942171096840003, 3.048236846928, 3.302256584172, 3.556276321416, 3.81029605866, 4.064315795904, 4.318335533148, 4.572355270392, 4.826375007636, 5.08039474488, 5.334414482124, 5.5884342193680006, 5.842453956612, 6.096473693856, 6.3504934311, 6.604513168344, 6.858532905588, 7.112552642832, 7.366572380076001, 7.62059211732, 7.874611854564001, 8.128631591808, 8.382651329052, 8.636671066296, 8.89069080354, 9.144710540784, 9.398730278028001, 9.652750015272, 9.906769752516, 10.16078948976, 10.414809227004, 10.668828964248, 10.922848701492, 11.176868438736001, 11.43088817598, 11.684907913224, 11.938927650468, 12.192947387712, 12.446967124956, 12.7009868622
prob_polyfit
0.2985948432822832, 0.21947131666780445, 0.14094434400179584, 0.090302362617193543, 0.076330404138623242, 0.096332683135970765, 0.1413934119434479, 0.20017131205634708, 0.26149267839496754, 0.31597874318529712, 0.35691548124900624, 0.38054789812102724, 0.38595624662171119, 0.37464852630175022, 0.34998203355269147, 0.31650664813255863, 0.27930396439621968, 0.24337930264298452, 0.21314806769933919, 0.19204385814285346, 0.18226317044561241, 0.18465048776784149, 0.19871799317124622, 0.2227861016397828, 0.25422446449779762, 0.2897680636051197, 0.32587948106926251, 0.35912640317087835, 0.3865428947392256, 0.40594396230796687, 0.41616541111559197, 0.41720499226381286, 0.41024633223450563, 0.3975541374066221, 0.38223767123415225, 0.36788951139690923, 0.35811810836541019, 0.35600568568395868, 0.36353754557781587, 0.38106487143284135, 0.40688065127257828, 0.43700738345902185, 0.46531576742302244, 0.48411562875475639, 0.48538387851840176, 0.4628193624184021, 0.41494101521087062, 0.34947380056292993, 0.28929648553898529, 0.28025637299949541, 0.40118869297640197
grasp
probs
0.0, 0.5482345555231058, 0.572752627489489, 0.40865006338695586, 0.366544800229018, 0.34131825560661383, 0.1476129264530983, 0.14733222469869273, 0.11339283075918376, 0.16023341046933628, 0.16920776944368282, 0.21131303260162076, 0.41326078599763716, 0.41326078599763716, 0.34536757470854723, 0.3419736353146662, 0.3885335132704132, 0.38881421502481867, 0.1808142150247707, 0.13977073676391374, 0.13079637778956718, 0.1841297111229005, 0.18202444796502573, 0.13089401318240643, 0.10282383774376008, 0.18958685250678356, 0.23825199362040536, 0.2663221690590517, 0.2552701100071041, 0.2552701100071041, 0.29292196007270316, 0.31302874878362286, 0.28109562443663805, 0.3063221690590421, 0.3496555023923754, 0.42746532475390614, 0.3154653247539158, 0.27213199142058253, 0.18947368421056288, 0.18947368421056288, 0.18947368421056288, 0.18947368421056288, 0.18947368421056288, 0.18947368421056288
times_polyfit
0.0, 0.254019737244, 0.508039474488, 0.762059211732, 1.016078948976, 1.27009868622, 1.524118423464, 1.778138160708, 2.032157897952, 2.286177635196, 2.54019737244, 2.7942171096840003, 3.048236846928, 3.302256584172, 3.556276321416, 3.81029605866, 4.064315795904, 4.318335533148, 4.572355270392, 4.826375007636, 5.08039474488, 5.334414482124, 5.5884342193680006, 5.842453956612, 6.096473693856, 6.3504934311, 6.604513168344, 6.858532905588, 7.112552642832, 7.366572380076001, 7.62059211732, 7.874611854564001, 8.128631591808, 8.382651329052, 8.636671066296, 8.89069080354, 9.144710540784, 9.398730278028001, 9.652750015272, 9.906769752516, 10.16078948976, 10.414809227004, 10.668828964248, 10.922848701492, 11.176868438736001, 11.43088817598, 11.684907913224, 11.938927650468, 12.192947387712, 12.446967124956, 12.7009868622
prob_polyfit
0.37438931369262529, 0.44201638738196503, 0.38245770085985303, 0.28729156353625951, 0.20591389882049083, 0.15918780427559132, 0.14994259690631084, 0.17082523787227455, 0.20995656296486276, 0.25479670376805696, 0.29457846954032751, 0.32162427150608508, 0.33182140943216809, 0.32449220508583632, 0.30185955842787426, 0.26827502018512717, 0.22934541877333481, 0.19106545040331002, 0.15903743859738495, 0.13783569327735967, 0.13055155004867403, 0.1385362473062528, 0.16134230232809377, 0.19684997758596423, 0.24155378511526115, 0.29097475992203559, 0.34015744308509777, 0.38420615141741954, 0.41881317329975132, 0.44073201957872565, 0.44815177423500319, 0.44093393188211194, 0.42068087804205567, 0.39061536355875393, 0.35526294644816114, 0.31994442304819048, 0.29010274523004553, 0.27050882212307381, 0.26441293282321143, 0.27273323118866766, 0.29340000500340202, 0.3210039595599079, 0.3469288297555273, 0.36018308580954872, 0.34918238484306641, 0.30477373439096289, 0.22483407449297022, 0.12082015164989879, 0.026693151533477844, 0.010690577412781677, 0.19046930737278411
trans_prob
pour_water
probs
0.0, 0.6209523809531409, 0.49502645502721504, 0.4051713825634681, 0.16517138256290806, 0.15088566827699382, 0.15088566827699382, 0.11755233494366046, 0.11755233494366046, 0.11755233494366046, 0.11755233494366046, 0.11755233494366046, 0.14074074074074075, 0.14074074074074075, 0.14074074074074075, 0.14074074074074075, 0.14074074074074075, 0.14074074074074075, 0.14074074074074075, 0.14074074074074075, 0.16881091617929736, 0.16881091617929736, 0.16881091617929736, 0.16881091617929736, 0.435477582845964, 0.5614035087718899, 0.6947368421052232, 0.6947368421052232, 0.9614035087718898, 0.9614035087718898, 0.6947368421052232, 0.5614035087718899, 0.5614035087718899, 0.5614035087718899, 0.5333333333333333, 0.5333333333333333, 0.5333333333333333, 0.5333333333333333, 0.5333333333333333, 0.5333333333333333, 0.5333333333333333, 0.5333333333333333, 0.5333333333333333, 0.5333333333333333
times_polyfit
0.0, 0.254019737244, 0.508039474488, 0.762059211732, 1.016078948976, 1.27009868622, 1.524118423464, 1.778138160708, 2.032157897952, 2.286177635196, 2.54019737244, 2.7942171096840003, 3.048236846928, 3.302256584172, 3.556276321416, 3.81029605866, 4.064315795904, 4.318335533148, 4.572355270392, 4.826375007636, 5.08039474488, 5.334414482124, 5.5884342193680006, 5.842453956612, 6.096473693856, 6.3504934311, 6.604513168344, 6.858532905588, 7.112552642832, 7.366572380076001, 7.62059211732, 7.874611854564001, 8.128631591808, 8.382651329052, 8.636671066296, 8.89069080354, 9.144710540784, 9.398730278028001, 9.652750015272, 9.906769752516, 10.16078948976, 10.414809227004, 10.668828964248, 10.922848701492, 11.176868438736001, 11.43088817598, 11.684907913224, 11.938927650468, 12.192947387712, 12.446967124956, 12.7009868622
prob_polyfit
0.34541445330062598, 0.26435713672726779, 0.19630128127648777, 0.14874897617198177, 0.1220478761296768, 0.11248538626440147, 0.11456083866194028, 0.12257476982253468, 0.13166035271675153, 0.13836863895302204, 0.1409065255380591, 0.13911427691675354, 0.13425800640715529, 0.1287017517984374, 0.12551366775595513, 0.12805140277674804, 0.13956293076196563, 0.16283096681933079, 0.19988161367840002, 0.25177105909551817, 0.31845797584192653, 0.3987637643092285, 0.49041792343089313, 0.59018163850556005, 0.69403913461843647, 0.79744346169533009, 0.89560115177553201, 0.98377862087741508, 1.0576122768349092, 1.1134040407071264, 1.1483843928206754, 1.1609261151808876, 1.1506936198784745, 1.1187151282573351, 1.0673679979301587, 1.0002711843356964, 0.92208317027680153, 0.83820870094716171, 0.75442332314963001, 0.67643104590020253, 0.60937741529741474, 0.55734792942888611, 0.52289000924041651, 0.5066056886661221, 0.50687179181439368, 0.51975462697345454, 0.53919714602796165, 0.55756809427653864, 0.56667490911581564, 0.55935501662269504, 0.5317737230952877
grasp_top
probs
0.0, 0.4583333333333333, 0.3805555555555556, 0.23981481481481481, 0.23981481481481481, 0.24814814814814815, 0.25413105413105413, 0.25413105413105413, 0.1925925925925926, 0.1925925925925926, 0.1925925925925926, 0.1925925925925926, 0.26666666666666666, 0.26666666666666666, 0.13333333333333333, 0.0, 0.0, 0.13333333333333333, 0.13333333333333333, 0.13333333333333333, 0.13333333333333333, 0.13333333333333333, 0.0, 0.0, 0.08275862068965517, 0.2160919540229885, 0.2160919540229885, 0.13333333333333333, 0.0, 0.0, 0.13333333333333333, 0.13333333333333333, 0.26666666666666666, 0.4, 0.4, 0.4, 0.4, 0.4, 0.4, 0.4, 0.4, 0.4, 0.4, 0.4
times_polyfit
0.0, 0.254019737244, 0.508039474488, 0.762059211732, 1.016078948976, 1.27009868622, 1.524118423464, 1.778138160708, 2.032157897952, 2.286177635196, 2.54019737244, 2.7942171096840003, 3.048236846928, 3.302256584172, 3.556276321416, 3.81029605866, 4.064315795904, 4.318335533148, 4.572355270392, 4.826375007636, 5.08039474488, 5.334414482124, 5.5884342193680006, 5.842453956612, 6.096473693856, 6.3504934311, 6.604513168344, 6.858532905588, 7.112552642832, 7.366572380076001, 7.62059211732, 7.874611854564001, 8.128631591808, 8.382651329052, 8.636671066296, 8.89069080354, 9.144710540784, 9.398730278028001, 9.652750015272, 9.906769752516, 10.16078948976, 10.414809227004, 10.668828964248, 10.922848701492, 11.176868438736001, 11.43088817598, 11.684907913224, 11.938927650468, 12.192947387712, 12.446967124956, 12.7009868622
prob_polyfit
0.26707919497427857, 0.2298604718058293, 0.22114009910347526, 0.22733974636497226, 0.23833521578763506, 0.24717946507121502, 0.24971143313592059, 0.24409474782801349, 0.2303236382457986, 0.20972704248821961, 0.18449599440665743, 0.15725389032793047, 0.13068417871285887, 0.10722538232018453, 0.088839153659954539, 0.076853280343990193, 0.071878197373262509, 0.073792628443588359, 0.081791468001272127, 0.094486930039830996, 0.11005232849722768, 0.12639661759053844, 0.1413570085111262, 0.15289659159918267, 0.15929393042040019, 0.15931205608142496, 0.15233517664241414, 0.13846272761731804, 0.11855212529244374, 0.094203744942419787, 0.06768423098288423, 0.041787255664828438, 0.019634277093209418, 0.0044217061364992816, -0.00087482481074219187, 0.0061763097546512213, 0.027132536419834929, 0.062366018029069936, 0.11080378868042762, 0.16975756761234195, 0.23488856210484044, 0.30035982516141257, 0.359236414016604, 0.40420170038494141, 0.42866671285416191, 0.42835834591092481, 0.40348164879458337, 0.36156121070505631, 0.32107688675694912, 0.31601976168466472, 0.40150532534084182
place_top
probs
0.0, 0.42109761583440425, 0.3166531713899084, 0.11665317138990844, 0.09614035087706521, 0.1111111111109351, 0.0711111111109831, 0.13333333333333333, 0.13333333333333333, 0.13333333333333333, 0.13333333333333333, 0.15384615384617656, 0.15384615384617656, 0.15384615384617656, 0.020512820512843234, 0.15384615384617656, 0.15384615384617656, 0.15384615384617656, 0.15384615384617656, 0.2871794871795099, 0.2871794871795099, 0.2871794871795099, 0.15384615384617656, 0.15384615384617656, 0.19487179487193687, 0.3282051282052702, 0.3282051282052702, 0.2871794871795099, 0.15384615384617656, 0.15384615384617656, 0.2871794871795099, 0.2871794871795099, 0.2871794871795099, 0.2871794871795099, 0.2871794871795099, 0.2871794871795099, 0.4205128205128432, 0.42606837606840003, 0.42606837606840003, 0.42606837606840003, 0.42606837606840003, 0.4205128205128432, 0.4205128205128432, 0.4205128205128432
times_polyfit
0.0, 0.254019737244, 0.508039474488, 0.762059211732, 1.016078948976, 1.27009868622, 1.524118423464, 1.778138160708, 2.032157897952, 2.286177635196, 2.54019737244, 2.7942171096840003, 3.048236846928, 3.302256584172, 3.556276321416, 3.81029605866, 4.064315795904, 4.318335533148, 4.572355270392, 4.826375007636, 5.08039474488, 5.334414482124, 5.5884342193680006, 5.842453956612, 6.096473693856, 6.3504934311, 6.604513168344, 6.858532905588, 7.112552642832, 7.366572380076001, 7.62059211732, 7.874611854564001, 8.128631591808, 8.382651329052, 8.636671066296, 8.89069080354, 9.144710540784, 9.398730278028001, 9.652750015272, 9.906769752516, 10.16078948976, 10.414809227004, 10.668828964248, 10.922848701492, 11.176868438736001, 11.43088817598, 11.684907913224, 11.938927650468, 12.192947387712, 12.446967124956, 12.7009868622
prob_polyfit
0.19860976348285325, 0.093379274860918418, 0.059888635212326402, 0.064079677276173252, 0.084035640192698546, 0.10674670589674601, 0.12550819857402745, 0.13786436959762632, 0.14401833031373906, 0.14563600951858674, 0.14497900146276327, 0.14430783373502881, 0.14550352241458514, 0.14986129443951596, 0.15801604421874688, 0.16996445311636782, 0.18515373655967965, 0.20261169416631347, 0.2210971234515316, 0.23925371736312379, 0.25575430009992101, 0.26942566439984589, 0.27934735673275274, 0.2849205146086336, 0.28590529250264579, 0.28242751971432428, 0.27495701481731777, 0.26426143720930023, 0.25134068665507142, 0.23734766661495416, 0.22350170657344753, 0.21100109252413995, 0.20094098323337845, 0.19424249289543299, 0.19159789829219515, 0.19343578060225225, 0.19990843855760959, 0.21090211071684012, 0.22606842021091916, 0.24487300544246976, 0.26665452484637259, 0.29068412298454499, 0.31621201891492584, 0.34248412599014172, 0.36870753495677194, 0.39393928944793283, 0.41686815478619194, 0.43545402720719123, 0.44638425151541844, 0.44430041042989737, 0.42074311883670573
place
probs
0.0, 0.6266666666667172, 0.49333333333338397, 0.29513513513518747, 0.13957957957935044, 0.15393855393836406, 0.15393855393836406, 0.24624624624596644, 0.24624624624596644, 0.24624624624596644, 0.24444444444416297, 0.4, 0.466666666666825, 0.466666666666825, 0.3333333333334917, 0.4, 0.4, 0.4, 0.6666666666666666, 0.8, 0.8, 0.5333333333333333, 0.4, 0.4, 0.13333333333333333, 0.26666666666666666, 0.26666666666666666, 0.5333333333333333, 0.4, 0.4, 0.5333333333333333, 0.5333333333333333, 0.5333333333333333, 0.5333333333333333, 0.5333333333333333, 0.5333333333333333, 0.6666666666666666, 0.7333333333333333, 0.7333333333333333, 0.7333333333333333, 0.7333333333333333, 0.7333333333333333, 0.7333333333333333, 0.7333333333333333
times_polyfit
0.0, 0.254019737244, 0.508039474488, 0.762059211732, 1.016078948976, 1.27009868622, 1.524118423464, 1.778138160708, 2.032157897952, 2.286177635196, 2.54019737244, 2.7942171096840003, 3.048236846928, 3.302256584172, 3.556276321416, 3.81029605866, 4.064315795904, 4.318335533148, 4.572355270392, 4.826375007636, 5.08039474488, 5.334414482124, 5.5884342193680006, 5.842453956612, 6.096473693856, 6.3504934311, 6.604513168344, 6.858532905588, 7.112552642832, 7.366572380076001, 7.62059211732, 7.874611854564001, 8.128631591808, 8.382651329052, 8.636671066296, 8.89069080354, 9.144710540784, 9.398730278028001, 9.652750015272, 9.906769752516, 10.16078948976, 10.414809227004, 10.668828964248, 10.922848701492, 11.176868438736001, 11.43088817598, 11.684907913224, 11.938927650468, 12.192947387712, 12.446967124956, 12.7009868622
prob_polyfit
0.31757219275283277, 0.25589711152203437, 0.19282109303703937, 0.14883123882997229, 0.13250106932799358, 0.14441299213668934, 0.18022210334513217, 0.23298744903097135, 0.29488541250864292, 0.35840892487002107, 0.41714572201462896, 0.46621889065577482, 0.50246345871986497, 0.52440379212835331, 0.53208806016586729, 0.52682802549313845, 0.51088490236051365, 0.48713500771624274, 0.4587424046834101, 0.42885970630112524, 0.40037266948901706, 0.37569916489662014, 0.35664855764896197, 0.34434347698307977, 0.33920238940176528, 0.34097832024180352, 0.34884649246377042, 0.36153156902649952, 0.37746359640419214, 0.39495065163647936, 0.41235559378910835, 0.42826421281510485, 0.44163245456561073, 0.45190128011507413, 0.45906909058806011, 0.46371351539480532, 0.46695672206044603, 0.47037125985726047, 0.4758267970221135, 0.48528195259402707, 0.50052975882377537, 0.52291011863226289, 0.55300794474431414, 0.59036148299795799, 0.63321163172104522, 0.67832987224108909, 0.72096972224683431, 0.75499441424575342, 0.77324178518137621, 0.7681961411512821, 0.73304613236259519
grasp
probs
0.0, 0.4893357531760581, 0.5457813765180712, 0.4432172739538799, 0.401112010795942, 0.4437786774626279, 0.514889788573899, 0.514889788573899, 0.47044534412945455, 0.4371120107961212, 0.4371120107961212, 0.4792172739540591, 0.5595591542960282, 0.5595591542960282, 0.45955915429602817, 0.059559154296028226, 0.059559154296028226, 0.059559154296028226, 0.059559154296028226, 0.19289248762936156, 0.19289248762936156, 0.19289248762936156, 0.059559154296028226, 0.059559154296028226, 0.03148897885738188, 0.16140350877191653, 0.16140350877191653, 0.18947368421056288, 0.06981556455243966, 0.06981556455243966, 0.18947368421056288, 0.18947368421056288, 0.3228070175438962, 0.3228070175438962, 0.3228070175438962, 0.3228070175438962, 0.42280701754389616, 0.4394736842105628, 0.4394736842105628, 0.7061403508772295, 0.7394736842105628, 0.7228070175438962, 0.7228070175438962, 0.7228070175438962
times_polyfit
0.0, 0.254019737244, 0.508039474488, 0.762059211732, 1.016078948976, 1.27009868622, 1.524118423464, 1.778138160708, 2.032157897952, 2.286177635196, 2.54019737244, 2.7942171096840003, 3.048236846928, 3.302256584172, 3.556276321416, 3.81029605866, 4.064315795904, 4.318335533148, 4.572355270392, 4.826375007636, 5.08039474488, 5.334414482124, 5.5884342193680006, 5.842453956612, 6.096473693856, 6.3504934311, 6.604513168344, 6.858532905588, 7.112552642832, 7.366572380076001, 7.62059211732, 7.874611854564001, 8.128631591808, 8.382651329052, 8.636671066296, 8.89069080354, 9.144710540784, 9.398730278028001, 9.652750015272, 9.906769752516, 10.16078948976, 10.414809227004, 10.668828964248, 10.922848701492, 11.176868438736001, 11.43088817598, 11.684907913224, 11.938927650468, 12.192947387712, 12.446967124956, 12.7009868622
prob_polyfit
0.3817352518551092, 0.3078618029848037, 0.33572928143357877, 0.40375324491249975, 0.47375550012115658, 0.52466400708887106, 0.54744509495929972, 0.54109763211504402, 0.50955393658642212, 0.45934669642416287, 0.3979149941395142, 0.33243569442704884, 0.26907896018525329, 0.21259850833807353, 0.16617840413647139, 0.13146872048324459, 0.10875225737652899, 0.097193725807790232, 0.095131350378083346, 0.10037873551373672, 0.1105120714652475, 0.12312432826877867, 0.13603399852681403, 0.14744120323586879, 0.15602856894646827, 0.16100821927991676, 0.16211949927069341, 0.1595846671103241, 0.15403174468773978, 0.14639501582023856, 0.13780429923851317, 0.12947410228636441, 0.12260308083700361, 0.1182928911828221, 0.11749352060941481, 0.12097952495728675, 0.12935828382021436, 0.14310740702498498, 0.16263378968640657, 0.18834151760361012, 0.22068986970598031, 0.26021605011852783, 0.30749000880449989, 0.36296077687532874, 0.42664515049234636, 0.49760030579005315, 0.57311201644975984, 0.64751957538372551, 0.71058729263321752, 0.74532055282586462, 0.72511186744473921
