times
0, 0.000328063964844, 0.000831127166748, 0.00158500671387, 0.0176630020142, 1.52205395699, 1.52292490005, 1.52478194237, 2.12466406822, 2.12594413757, 2.27448892593, 2.27526187897, 2.42494106293, 2.42606091499, 2.42652988434, 2.72659993172, 2.72733402252, 2.72891306877, 3.02751708031, 3.17801904678, 3.32783794403, 3.32954096794, 3.33071398735, 3.62938904762, 3.77881097794, 3.77938389778, 4.07969498634, 4.08063006401, 4.2308409214, 4.53212094307, 4.53279995918, 4.68455696106, 4.83490395546, 4.83516407013, 4.83558392525, 4.83671092987, 4.98618197441, 4.98683094978, 4.98835396767, 5.13555502892, 5.13612008095, 5.28714394569, 5.28831315041, 5.4365940094, 5.43747615814, 5.43753790855, 5.43841814995, 5.7378180027, 5.73832798004, 5.73851394653, 5.73937296867, 5.88938713074, 5.89049005508, 6.03832387924, 6.03886604309, 6.03950405121, 6.04033613205, 6.33945703506, 6.34023094177, 6.34081697464, 6.34171795845, 6.49116206169, 6.49177193642, 6.49292206764, 6.64061784744, 6.6412088871, 6.6416490078, 6.64278197289, 6.7919960022, 6.79262113571, 6.9415409565, 6.9421980381, 6.94230890274, 7.09272098541, 7.2433719635, 7.24464392662, 7.3928809166, 7.39340686798, 7.39395189285, 7.69317293167, 7.69417405128, 7.84330606461, 8.14481806755, 8.44477987289, 8.44546198845, 8.4455010891, 8.44662499428, 8.4466791153, 9.04876208305, 9.11473703384, 9.1158208847, 9.20052313805, 9.20121192932, 9.20176911354, 9.5009469986, 9.80212688446, 9.95240092278, 9.95310401917, 9.95386886597, 10.1036720276, 10.4041199684, 10.4044530392, 10.4049110413, 10.4058480263, 10.4066329002, 11.1580028534, 11.1593260765, 11.4584879875, 11.459446907, 11.459872961, 11.4606580734, 11.4648270607, 12.0611579418
start_prob
place
probs
0.0, 0.48156862745098045, 0.3475490196078431, 0.2887254901960784, 0.2122549019607843, 0.2122549019607843, 0.28080495356037133, 0.28080495356037133, 0.28080495356037133, 0.4172755417956654, 0.4172755417956654, 0.4172755417956654, 0.42707946336429287, 0.3972549019607843, 0.3972549019607843, 0.2825490196078472, 0.2825490196078472, 0.2825490196078472, 0.2825490196078472, 0.11801120448181815, 0.1310830999066681, 0.20348469212250156, 0.20348469212250156, 0.20348469212250156, 0.23289645682838392, 0.23289645682838392, 0.29825593395245337, 0.20624649859936497, 0.24448179271700798, 0.17912231559293856, 0.1044650842793603, 0.06622979016171728, 0.1315892672857867, 0.20029411764698407, 0.20029411764698407, 0.23852941176462708, 0.2164705882352153, 0.2164705882352153, 0.1511111111111459, 0.17352007469658004, 0.1044650842793603, 0.06622979016171728, 0.2823082215342449, 0.2823082215342449, 0.15248366013073633, 0.11287581699350287, 0.1511111111111459, 0.1511111111111459, 0.14893287139420622, 0.14893287139420622, 0.11069757727656322, 0.06622979016171728, 0.2823082215342449, 0.2823082215342449, 0.15248366013073633, 0.19071895424837934, 0.14130718954251842, 0.14130718954251842, 0.1240729274166152, 0.1240729274166152, 0.08583763329897219, 0.1261037397415492, 0.1261037397415492, 0.19146321686561862, 0.1315892672857867, 0.18803921568619972, 0.22627450980384273, 0.26588235294107626, 0.26588235294107626, 0.23887955182064946, 0.23887955182064946, 0.2272475305911048, 0.1890122364734618, 0.12365275934939234, 0.1890122364734618, 0.30805985552108084, 0.30805985552108084, 0.12725490196070954, 0.06189542483664012, 0.10013071895428315, 0.23738562091506743, 0.1991503267974244, 0.2645098039214938, 0.1991503267974244, 0.11931839402431518, 0.11931839402431518, 0.5076097105509044, 0.5076097105509044, 0.5076097105509044, 0.45956312349502915, 0.45956312349502915, 0.4566219470244369, 0.4566219470244369, 0.3123082215342623, 0.3123082215342623, 0.37766769865833166, 0.4168833849329417, 0.37529411764708026, 0.37529411764708026, 0.37529411764708026, 0.15686274509803924, 0.1596638655462185, 0.1596638655462185, 0.1596638655462185, 0.14705882352941177, 0.14705882352941177, 0.14705882352941177, 0.14705882352941177, 0.14705882352941177, 0.14705882352941177, 0.14705882352941177, 0.14705882352941177, 0.14705882352941177
times_polyfit
0.0, 0.24122315883599998, 0.48244631767199997, 0.723669476508, 0.9648926353439999, 1.20611579418, 1.447338953016, 1.6885621118519998, 1.9297852706879999, 2.171008429524, 2.41223158836, 2.6534547471959997, 2.894677906032, 3.135901064868, 3.3771242237039996, 3.6183473825399997, 3.8595705413759998, 4.100793700212, 4.342016859048, 4.583240017884, 4.82446317672, 5.065686335555999, 5.306909494391999, 5.5481326532279995, 5.789355812064, 6.0305789709, 6.271802129736, 6.513025288572, 6.754248447407999, 6.995471606243999, 7.236694765079999, 7.477917923915999, 7.7191410827519995, 7.960364241588, 8.201587400424, 8.44281055926, 8.684033718096, 8.925256876932, 9.166480035768, 9.407703194604, 9.64892635344, 9.890149512275999, 10.131372671111999, 10.372595829947999, 10.613818988783999, 10.855042147619999, 11.096265306455999, 11.337488465292, 11.578711624128, 11.819934782964, 12.0611579418
prob_polyfit
0.26524300916105281, 0.23244026253624994, 0.23057158326902782, 0.24564097189520187, 0.26777071515097861, 0.29032982628868231, 0.30919491643528801, 0.32213036109673887, 0.32827526638480603, 0.32772538001702234, 0.32119873261400955, 0.30977443529227766, 0.29469470002437381, 0.27722078971202624, 0.25853424539168801, 0.23967537846572573, 0.22151165632616965, 0.20472925021183319, 0.18984165461331315, 0.17720992801420665, 0.16706974523058615, 0.15956109208461611, 0.15475707362203572, 0.15268894755679685, 0.153365135100206, 0.15678260180532255, 0.16292964153163447, 0.17177973710852068, 0.18327681174943555, 0.19731282574349807, 0.21369931342367099, 0.23213509588615755, 0.25217304540699892, 0.27318941797857954, 0.29435991086042701, 0.31464724251168141, 0.33280569275143101, 0.34740868145799164, 0.35690610460288863, 0.35971878687860992, 0.35437805066012118, 0.33971904151212773, 0.31513709092594999, 0.28091703744402274, 0.2386460678096608, 0.19172128023982238, 0.14596381241224876, 0.11035201721153032, 0.097886809766089766, 0.12660294977805242, 0.22074066362395961
grasp
probs
0.0, 0.6073936847467027, 0.5974450386215756, 0.5386215092098109, 0.45666072489608317, 0.45666072489608317, 0.3524590442238767, 0.3524590442238767, 0.3524590442238767, 0.5278138528136962, 0.5278138528136962, 0.5346765979117354, 0.4173796791442377, 0.3820855614971789, 0.3820855614971789, 0.2644385026736495, 0.27973262032068846, 0.24764705882336221, 0.24764705882336221, 0.06333333333331345, 0.06333333333331345, 0.022156862745078162, 0.022156862745078162, 0.022156862745078162, 0.08098039215684287, 0.06568627450980392, 0.06568627450980392, 0.10686274509803921, 0.1480392156862745, 0.1480392156862745, 0.10686274509803921, 0.06568627450980392, 0.06568627450980392, 0.10686274509803921, 0.12215686274507816, 0.16333333333331346, 0.16333333333331346, 0.1480392156862745, 0.1480392156862745, 0.1480392156862745, 0.10686274509803921, 0.06568627450980392, 0.1480392156862745, 0.1480392156862745, 0.1892156862745098, 0.10686274509803921, 0.1480392156862745, 0.1480392156862745, 0.10686274509803921, 0.12215686274507816, 0.08098039215684287, 0.08098039215684287, 0.16333333333331346, 0.16333333333331346, 0.20450980392154872, 0.24568627450978403, 0.16333333333331346, 0.16333333333331346, 0.12215686274507816, 0.09999999999999999, 0.058823529411764705, 0.058823529411764705, 0.058823529411764705, 0.058823529411764705, 0.058823529411764705, 0.09999999999999999, 0.1411764705882353, 0.22352941176470587, 0.22352941176470587, 0.1411764705882353, 0.1411764705882353, 0.09999999999999999, 0.058823529411764705, 0.058823529411764705, 0.058823529411764705, 0.058823529411764705, 0.058823529411764705, 0.058823529411764705, 0.058823529411764705, 0.09999999999999999, 0.21764705882352942, 0.17647058823529413, 0.17647058823529413, 0.17647058823529413, 0.058823529411764705, 0.058823529411764705, 0.15921568627470317, 0.15921568627470317, 0.15921568627470317, 0.2356862745099973, 0.2356862745099973, 0.2356862745099973, 0.2356862745099973, 0.13529411764705881, 0.13529411764705881, 0.13529411764705881, 0.13529411764705881, 0.058823529411764705, 0.058823529411764705, 0.058823529411764705, 0.058823529411764705, 0.09285714285720527, 0.09285714285720527, 0.09285714285720527, 0.058823529411764705, 0.058823529411764705, 0.058823529411764705, 0.058823529411764705, 0.058823529411764705, 0.058823529411764705, 0.058823529411764705, 0.058823529411764705, 0.058823529411764705
times_polyfit
0.0, 0.24122315883599998, 0.48244631767199997, 0.723669476508, 0.9648926353439999, 1.20611579418, 1.447338953016, 1.6885621118519998, 1.9297852706879999, 2.171008429524, 2.41223158836, 2.6534547471959997, 2.894677906032, 3.135901064868, 3.3771242237039996, 3.6183473825399997, 3.8595705413759998, 4.100793700212, 4.342016859048, 4.583240017884, 4.82446317672, 5.065686335555999, 5.306909494391999, 5.5481326532279995, 5.789355812064, 6.0305789709, 6.271802129736, 6.513025288572, 6.754248447407999, 6.995471606243999, 7.236694765079999, 7.477917923915999, 7.7191410827519995, 7.960364241588, 8.201587400424, 8.44281055926, 8.684033718096, 8.925256876932, 9.166480035768, 9.407703194604, 9.64892635344, 9.890149512275999, 10.131372671111999, 10.372595829947999, 10.613818988783999, 10.855042147619999, 11.096265306455999, 11.337488465292, 11.578711624128, 11.819934782964, 12.0611579418
prob_polyfit
0.43686732992134236, 0.44899480134073305, 0.47151337775220376, 0.49191522972586815, 0.50289092256249435, 0.50102650724345066, 0.48571297026310578, 0.45824684555759665, 0.4211017930111472, 0.37735194928839216, 0.33022885800843749, 0.28279478754364895, 0.23771624599344171, 0.19712250415061097, 0.16253493854501411, 0.13485400791670071, 0.11439167773779618, 0.10093810866987551, 0.093852426110541898, 0.09216838925062748, 0.094706779330185675, 0.10018732804917085, 0.1073340083557725, 0.11496851110257339, 0.12208773232814119, 0.12792209718865716, 0.13197254783214968, 0.1340250237740096, 0.13414226460062006, 0.13263376609579641, 0.13000572214940787, 0.12689378607846469, 0.12398248625539493, 0.12191613220675007, 0.1212070486115786, 0.12214797589925885, 0.1247364774099568, 0.12862019434896177, 0.13307279103498104, 0.13701143421349643, 0.13906765145713856, 0.13772441496912402, 0.13153329834883154, 0.11942655515325856, 0.1011399693682461, 0.077763329146875115, 0.05243637646160676, 0.031209086574087663, 0.024086132480016342, 0.04627639080210455, 0.11966934679678615
hammer
probs
0.0, 0.333692810457554, 0.4030065359477124, 0.4095424836601484, 0.3330718954248542, 0.3330718954248542, 0.4478431372549659, 0.4478431372549659, 0.4478431372549659, 0.3303267973856848, 0.3303267973856848, 0.3303267973856848, 0.3303267973856848, 0.3122875816994425, 0.3122875816994425, 0.21660130718968484, 0.21660130718968484, 0.25777777777792016, 0.36562091503274374, 0.5013725490197501, 0.5464705882353785, 0.6726797385621437, 0.6726797385621437, 0.6726797385621437, 0.6726797385621437, 0.6726797385621437, 0.7040522875818095, 0.5386274509804561, 0.5578431372549196, 0.5264705882352538, 0.5546405228758308, 0.5354248366013673, 0.5667973856210331, 0.4683660130720378, 0.4683660130720378, 0.4875816993465013, 0.5464052287581955, 0.5464052287581955, 0.5150326797385296, 0.5852941176470184, 0.4680392156862883, 0.4488235294118248, 0.5123366013073202, 0.5123366013073202, 0.4878431372549079, 0.47294117647060196, 0.4921568627450656, 0.4921568627450656, 0.500718954248372, 0.500718954248372, 0.48150326797390847, 0.4488235294118248, 0.5123366013073202, 0.5123366013073202, 0.49764705882354326, 0.5168627450980068, 0.4823529411764303, 0.4823529411764303, 0.45660130718954844, 0.45660130718954844, 0.4373856209150849, 0.43248366013077905, 0.43248366013077905, 0.46385620915044484, 0.6109150326798566, 0.4957352941177895, 0.514950980392253, 0.5482352941176726, 0.5482352941176726, 0.6166666666666842, 0.6166666666666842, 0.5288235294119071, 0.5096078431374436, 0.4782352941177777, 0.5096078431374436, 0.5452287581700449, 0.5452287581700449, 0.3447549019608561, 0.3133823529411903, 0.3325980392156538, 0.43390522875812954, 0.4146895424836661, 0.4460620915033319, 0.4146895424836661, 0.2271895424836661, 0.2271895424836661, 0.34718954248366607, 0.34718954248366607, 0.34718954248366607, 0.2801797385621438, 0.2801797385621438, 0.25821895424837193, 0.25821895424837193, 0.35464052287590137, 0.35464052287590137, 0.36248366013089994, 0.2683660130720378, 0.13071895424838365, 0.13071895424838365, 0.13071895424838365, 0.013071895424854247, 0.013071895424854247, 0.013071895424854247, 0.013071895424854247, 0.05351307189544248, 0.05351307189544248, 0.05351307189544248, 0.013071895424854247, 0.013071895424854247, 0.013071895424854247, 0.013071895424854247, 0.013071895424854247, 0.013071895424854247
times_polyfit
0.0, 0.24122315883599998, 0.48244631767199997, 0.723669476508, 0.9648926353439999, 1.20611579418, 1.447338953016, 1.6885621118519998, 1.9297852706879999, 2.171008429524, 2.41223158836, 2.6534547471959997, 2.894677906032, 3.135901064868, 3.3771242237039996, 3.6183473825399997, 3.8595705413759998, 4.100793700212, 4.342016859048, 4.583240017884, 4.82446317672, 5.065686335555999, 5.306909494391999, 5.5481326532279995, 5.789355812064, 6.0305789709, 6.271802129736, 6.513025288572, 6.754248447407999, 6.995471606243999, 7.236694765079999, 7.477917923915999, 7.7191410827519995, 7.960364241588, 8.201587400424, 8.44281055926, 8.684033718096, 8.925256876932, 9.166480035768, 9.407703194604, 9.64892635344, 9.890149512275999, 10.131372671111999, 10.372595829947999, 10.613818988783999, 10.855042147619999, 11.096265306455999, 11.337488465292, 11.578711624128, 11.819934782964, 12.0611579418
prob_polyfit
0.29301022340214261, 0.47365076720450083, 0.53332592071914198, 0.52359785155650074, 0.48081543948094813, 0.42930854219987508, 0.38411709765701546, 0.35329777812700974, 0.33984902858074612, 0.34329343896357828, 0.36095451720101562, 0.38896304691909017, 0.42302633103906723, 0.45899173957877687, 0.49323409716534866, 0.52289456293667924, 0.54599677268153335, 0.56146413024059583, 0.56906025236359059, 0.56927268838982026, 0.56315815329220231, 0.55216562979755657, 0.53795181246782131, 0.52220148380045361, 0.50646352957769447, 0.49201141786773556, 0.47973508325332831, 0.47006927503430679, 0.46296154532736616, 0.45788117015125068, 0.4538684137689753, 0.44962166371879492, 0.44361808114871232, 0.4342615282368783, 0.42004965165156244, 0.39975011818091738, 0.37257411583215544, 0.33833335087589483, 0.29756488847350299, 0.25160630171953963, 0.20260171107639452, 0.1534174133727369, 0.10744391669587722, 0.068259314698846663, 0.039127050979445965, 0.022299241421712079, 0.018094839471640978, 0.02372004661903554, 0.031796487380923832, 0.028560785376327058, -0.0083027057877799737
trans_prob
place
probs
0.0, 0.5294117647058824, 0.553921568627451, 0.49509803921568635, 0.37745098039215685, 0.37745098039215685, 0.35294117647058826, 0.35294117647058826, 0.35294117647058826, 0.23529411764688235, 0.23529411764688235, 0.23529411764688235, 0.23529411764688235, 0.23529411764688235, 0.23529411764688235, 0.35294117647041173, 0.35294117647041173, 0.35294117647041173, 0.35294117647041173, 0.47058823529411764, 0.4836601307189676, 0.3660130718954382, 0.3660130718954382, 0.3660130718954382, 0.3660130718954382, 0.3660130718954382, 0.4313725490195076, 0.4313725490195076, 0.31372549019597823, 0.2483660130719088, 0.2483660130719088, 0.2483660130719088, 0.31372549019597823, 0.31372549019597823, 0.31372549019597823, 0.31372549019597823, 0.31372549019597823, 0.31372549019597823, 0.2483660130719088, 0.2483660130719088, 0.2483660130719088, 0.2483660130719088, 0.013071895424849964, 0.013071895424849964, 0.013071895424849964, 0.013071895424849964, 0.013071895424849964, 0.013071895424849964, 0.013071895424849964, 0.013071895424849964, 0.013071895424849964, 0.013071895424849964, 0.013071895424849964, 0.013071895424849964, 0.013071895424849964, 0.013071895424849964, 0.013071895424849964, 0.013071895424849964, 0.013071895424849964, 0.013071895424849964, 0.013071895424849964, 0.013071895424849964, 0.013071895424849964, 0.0784313725489194, 0.0784313725489194, 0.0784313725489194, 0.0784313725489194, 0.0784313725489194, 0.0784313725489194, 0.0784313725489194, 0.0784313725489194, 0.0784313725489194, 0.0784313725489194, 0.013071895424849964, 0.0784313725489194, 0.0784313725489194, 0.0784313725489194, 0.0784313725489194, 0.013071895424849964, 0.013071895424849964, 0.013071895424849964, 0.013071895424849964, 0.0784313725489194, 0.013071895424849964, 0.013071895424849964, 0.013071895424849964, 0.013071895424849964, 0.013071895424849964, 0.013071895424849964, 0.13071895424837937, 0.13071895424837937, 0.13071895424837937, 0.13071895424837937, 0.6601307189542617, 0.6601307189542617, 0.7254901960783312, 0.7647058823529411, 0.6176470588235294, 0.6176470588235294, 0.6176470588235294, 0.23529411764705882, 0.23529411764705882, 0.23529411764705882, 0.23529411764705882, 0.23529411764705882, 0.23529411764705882, 0.23529411764705882, 0.23529411764705882, 0.23529411764705882, 0.23529411764705882, 0.23529411764705882, 0.23529411764705882, 0.23529411764705882
times_polyfit
0.0, 0.24122315883599998, 0.48244631767199997, 0.723669476508, 0.9648926353439999, 1.20611579418, 1.447338953016, 1.6885621118519998, 1.9297852706879999, 2.171008429524, 2.41223158836, 2.6534547471959997, 2.894677906032, 3.135901064868, 3.3771242237039996, 3.6183473825399997, 3.8595705413759998, 4.100793700212, 4.342016859048, 4.583240017884, 4.82446317672, 5.065686335555999, 5.306909494391999, 5.5481326532279995, 5.789355812064, 6.0305789709, 6.271802129736, 6.513025288572, 6.754248447407999, 6.995471606243999, 7.236694765079999, 7.477917923915999, 7.7191410827519995, 7.960364241588, 8.201587400424, 8.44281055926, 8.684033718096, 8.925256876932, 9.166480035768, 9.407703194604, 9.64892635344, 9.890149512275999, 10.131372671111999, 10.372595829947999, 10.613818988783999, 10.855042147619999, 11.096265306455999, 11.337488465292, 11.578711624128, 11.819934782964, 12.0611579418
prob_polyfit
0.39351074155293503, 0.37727217141348912, 0.35652935661798701, 0.33595496664712943, 0.31870298527337254, 0.30663103317890361, 0.30051765224599614, 0.30027177757651979, 0.30513190350264302, 0.31385273005602671, 0.32487735656807304, 0.3364933692790531, 0.34697145003920293, 0.35468541339013249, 0.35821285952017057, 0.35641591079250395, 0.34850177975027063, 0.33406319670798379, 0.31309900524396822, 0.28601551411371884, 0.25360947430937819, 0.21703383019579081, 0.17774767385882367, 0.13745211200694002, 0.098014034972289665, 0.06138005756273357, 0.029483181721739415, 0.0041450111578953397, -0.01302337168838319, -0.020718475768565892, -0.018035747862257312, -0.0045512443430709149, 0.019610602914532982, 0.053727637880709722, 0.096453840567082338, 0.14582146787887962, 0.19927682713215339, 0.25375531445024463, 0.30580163045971187, 0.35174136591075211, 0.38791043005274523, 0.41094907480043397, 0.41816754793178929, 0.40799068876345596, 0.38048905995605503, 0.33800448930569166, 0.28587817558249101, 0.23328979268635747, 0.19421630658870354, 0.18851949974145549, 0.24317147783437482
grasp
probs
0.0, 0.5565953654189868, 0.7967914438502673, 0.7379679144385026, 0.636007130124784, 0.636007130124784, 0.6948306595365487, 0.6948306595365487, 0.6948306595365487, 0.49875222816395387, 0.49875222816395387, 0.49875222816395387, 0.49875222816395387, 0.49875222816395387, 0.49875222816395387, 0.48306595365414323, 0.5065953654188186, 0.47450980392149233, 0.18039215686266874, 0.3764705882352635, 0.3764705882352635, 0.2588235294117341, 0.2588235294117341, 0.2588235294117341, 0.2588235294117341, 0.29411764705882354, 0.29411764705882354, 0.29411764705882354, 0.29411764705882354, 0.29411764705882354, 0.29411764705882354, 0.29411764705882354, 0.29411764705882354, 0.29411764705882354, 0.29411764705882354, 0.29411764705882354, 0.29411764705882354, 0.29411764705882354, 0.29411764705882354, 0.29411764705882354, 0.29411764705882354, 0.29411764705882354, 0.058823529411764705, 0.058823529411764705, 0.058823529411764705, 0.058823529411764705, 0.058823529411764705, 0.058823529411764705, 0.058823529411764705, 0.058823529411764705, 0.058823529411764705, 0.058823529411764705, 0.058823529411764705, 0.058823529411764705, 0.058823529411764705, 0.058823529411764705, 0.058823529411764705, 0.058823529411764705, 0.058823529411764705, 0.058823529411764705, 0.058823529411764705, 0.058823529411764705, 0.0, 0.0, 0.0, 0.0, 0.0, 0.0, 0.0, 0.0, 0.0, 0.0, 0.0, 0.0, 0.0, 0.0, 0.0, 0.0, 0.0, 0.0, 0.11764705882352941, 0.11764705882352941, 0.11764705882352941, 0.11764705882352941, 0.0, 0.0, 0.0, 0.0, 0.0, 0.11764705882352941, 0.11764705882352941, 0.11764705882352941, 0.11764705882352941, 0.23529411764705882, 0.23529411764705882, 0.23529411764705882, 0.23529411764705882, 0.23529411764705882, 0.23529411764705882, 0.23529411764705882, 0.11764705882352941, 0.11764705882352941, 0.11764705882352941, 0.11764705882352941, 0.11764705882352941, 0.11764705882352941, 0.11764705882352941, 0.11764705882352941, 0.11764705882352941, 0.11764705882352941, 0.11764705882352941, 0.11764705882352941, 0.11764705882352941
times_polyfit
0.0, 0.24122315883599998, 0.48244631767199997, 0.723669476508, 0.9648926353439999, 1.20611579418, 1.447338953016, 1.6885621118519998, 1.9297852706879999, 2.171008429524, 2.41223158836, 2.6534547471959997, 2.894677906032, 3.135901064868, 3.3771242237039996, 3.6183473825399997, 3.8595705413759998, 4.100793700212, 4.342016859048, 4.583240017884, 4.82446317672, 5.065686335555999, 5.306909494391999, 5.5481326532279995, 5.789355812064, 6.0305789709, 6.271802129736, 6.513025288572, 6.754248447407999, 6.995471606243999, 7.236694765079999, 7.477917923915999, 7.7191410827519995, 7.960364241588, 8.201587400424, 8.44281055926, 8.684033718096, 8.925256876932, 9.166480035768, 9.407703194604, 9.64892635344, 9.890149512275999, 10.131372671111999, 10.372595829947999, 10.613818988783999, 10.855042147619999, 11.096265306455999, 11.337488465292, 11.578711624128, 11.819934782964, 12.0611579418
prob_polyfit
0.5380254970205004, 0.79383898052732094, 0.9082985265431851, 0.92905282300837988, 0.89204138784049591, 0.82358723131994893, 0.74222971202999599, 0.66031778235963035, 0.5853830746479719, 0.5213115341190292, 0.46933155982592412, 0.42883586989395528, 0.39805356242208034, 0.37458809847268337, 0.35583618864967537, 0.33930181983529983, 0.32281891372617177, 0.30469536387947371, 0.28379045305012951, 0.25953690767063253, 0.23191810139467683, 0.20141017469678679, 0.16889809258950261, 0.1355739175909666, 0.10282483014497135, 0.072117683766322105, 0.044886137255302105, 0.022425661392284968, 0.0058009725996351902, -0.0042302988795609453, -0.0072746436576808238, -0.0033380930444232293, 0.0071615487162776104, 0.023406487643276352, 0.04421482155706602, 0.068099857936004926, 0.093351461133305835, 0.11813727707323973, 0.14062093860943559, 0.15909360980251452, 0.17211448244884753, 0.17865509324411188, 0.17824158506322607, 0.17108829088461508, 0.15821527396998813, 0.1415417129751243, 0.12394627574000683, 0.10928488058070751, 0.10235549896393603, 0.10879890852356933, 0.13492356046404363
hammer
probs
0.0, 0.2961287078934138, 0.5035947712419293, 0.497058823529511, 0.37941176470598165, 0.37941176470598165, 0.21591695501726685, 0.21591695501726685, 0.21591695501726685, 0.027681660899619785, 0.027681660899619785, 0.027681660899619785, 0.027681660899619785, 0.11764705882352941, 0.11764705882352941, 0.23529411764705882, 0.23529411764705882, 0.23529411764705882, 0.23529411764705882, 0.23529411764705882, 0.23529411764705882, 0.23529411764705882, 0.23529411764705882, 0.23529411764705882, 0.23529411764705882, 0.23529411764705882, 0.23529411764705882, 0.5294117647058824, 0.5294117647058824, 0.6470588235294118, 0.6470588235294118, 0.6470588235294118, 0.6470588235294118, 0.35294117647058826, 0.35294117647058826, 0.35294117647058826, 0.35294117647058826, 0.35294117647058826, 0.35294117647058826, 0.35294117647058826, 0.35294117647058826, 0.35294117647058826, 0.8823529411764706, 0.8823529411764706, 0.8823529411764706, 0.8823529411764706, 0.8823529411764706, 0.8823529411764706, 0.5882352941176471, 0.5882352941176471, 0.5882352941176471, 0.5882352941176471, 0.5882352941176471, 0.5882352941176471, 0.8823529411764706, 0.8823529411764706, 0.8823529411764706, 0.8823529411764706, 0.5882352941176471, 0.5882352941176471, 0.5882352941176471, 0.5882352941176471, 0.5882352941176471, 0.5882352941176471, 0.5882352941176471, 0.5882352941176471, 0.5882352941176471, 0.5882352941176471, 0.5882352941176471, 0.5882352941176471, 0.5882352941176471, 0.7843137254903813, 0.7843137254903813, 0.7843137254903813, 0.7843137254903813, 0.8823529411764706, 0.8823529411764706, 0.7720588235293429, 0.7720588235293429, 0.7720588235293429, 0.5795942886186474, 0.5795942886186474, 0.5795942886186474, 0.5795942886186474, 0.5228758169933885, 0.5228758169933885, 0.2875816993463297, 0.2875816993463297, 0.2875816993463297, 0.26297577854667864, 0.26297577854667864, 0.26297577854667864, 0.26297577854667864, 0.26297577854667864, 0.26297577854667864, 0.26297577854667864, 0.15555889875128398, 0.24552429667519363, 0.24552429667519363, 0.24552429667519363, 0.24552429667519363, 0.2134387351778674, 0.2134387351778674, 0.2134387351778674, 0.2134387351778674, 0.2134387351778674, 0.2134387351778674, 0.2134387351778674, 0.2134387351778674, 0.2134387351778674, 0.2134387351778674, 0.2134387351778674, 0.2134387351778674
times_polyfit
0.0, 0.24122315883599998, 0.48244631767199997, 0.723669476508, 0.9648926353439999, 1.20611579418, 1.447338953016, 1.6885621118519998, 1.9297852706879999, 2.171008429524, 2.41223158836, 2.6534547471959997, 2.894677906032, 3.135901064868, 3.3771242237039996, 3.6183473825399997, 3.8595705413759998, 4.100793700212, 4.342016859048, 4.583240017884, 4.82446317672, 5.065686335555999, 5.306909494391999, 5.5481326532279995, 5.789355812064, 6.0305789709, 6.271802129736, 6.513025288572, 6.754248447407999, 6.995471606243999, 7.236694765079999, 7.477917923915999, 7.7191410827519995, 7.960364241588, 8.201587400424, 8.44281055926, 8.684033718096, 8.925256876932, 9.166480035768, 9.407703194604, 9.64892635344, 9.890149512275999, 10.131372671111999, 10.372595829947999, 10.613818988783999, 10.855042147619999, 11.096265306455999, 11.337488465292, 11.578711624128, 11.819934782964, 12.0611579418
prob_polyfit
0.33425828580372768, 0.40915222051596822, 0.42225385780890884, 0.3969696415906861, 0.35095818290781772, 0.29716942557028875, 0.24474345790487967, 0.19978184553431982, 0.16600376278107681, 0.14529860299585623, 0.13818615081210667, 0.14419480202907814, 0.16216771952722658, 0.19050621632099046, 0.22735905955519992, 0.27076579195265976, 0.3187615699216228, 0.36945042023320179, 0.42105321987988081, 0.47193610642771205, 0.5206244288757953, 0.56580675173814776, 0.60633282776401853, 0.64120885741419342, 0.66959275591201917, 0.69079155138886139, 0.70426244034558372, 0.70961842935179598, 0.70663889460734475, 0.69528479369045226, 0.6757176665184319, 0.64832096524874872, 0.61372165554962099, 0.57280943436808918, 0.52675031202924694, 0.47699070919685588, 0.42524762192964011, 0.37347981076911391, 0.32383437249312336, 0.27856245587370693, 0.23989728547828565, 0.2098870602520046, 0.1901746963231547, 0.18171578617854073, 0.18442554903833236, 0.19674494999946129, 0.21511556816357141, 0.23335219672441115, 0.24190156064331009, 0.22697494027296122, 0.16954189197928321
