times
0, 0.000101089477539, 0.000285863876343, 0.000300168991089, 0.0173749923706, 0.920929908752, 0.921037912369, 1.3723320961, 1.82425498962, 1.82440400124, 1.82461190224, 1.97448015213, 1.97472810745, 2.57766008377, 2.57787704468, 3.18026518822, 3.93227696419, 3.93231701851, 3.93243312836, 3.93257880211, 3.93264913559, 4.38356399536, 4.38386797905, 4.38408994675, 4.68463802338, 4.8351650238, 4.83534598351, 4.83550882339
start_prob
place
probs
0.0, 0.5512605042016807, 0.49135309679427325, 0.17640211640211642, 0.11158730158730158, 0.05883432539682539, 0.09968253968253969, 0.23509920634920634, 0.29991402116402116, 0.29759920634920634, 0.239265873015873, 0.10384920634920636, 0.16144179894179897, 0.19953703703703707, 0.4398148148148148, 0.4114666005291005, 0.3466517857142857, 0.2540591931216931, 0.2540591931216931, 0.020262896825396826, 0.015873015873015872, 0.050396825396825405, 0.04345238095238096, 0.0, 0.0, 0.0, 0.0, 0.0
times_polyfit
0.0, 0.09671017646779999, 0.19342035293559998, 0.29013052940339995, 0.38684070587119995, 0.48355088233899995, 0.5802610588067999, 0.6769712352745999, 0.7736814117423999, 0.8703915882101999, 0.9671017646779999, 1.0638119411457998, 1.1605221176135998, 1.2572322940813998, 1.3539424705491998, 1.4506526470169998, 1.5473628234847998, 1.6440729999525998, 1.7407831764203998, 1.8374933528881998, 1.9342035293559998, 2.0309137058238, 2.1276238822915996, 2.2243340587594, 2.3210442352271996, 2.417754411695, 2.5144645881627996, 2.6111747646306, 2.7078849410983996, 2.8045951175662, 2.9013052940339996, 2.9980154705018, 3.0947256469695996, 3.1914358234373994, 3.2881459999051996, 3.3848561763729994, 3.4815663528407996, 3.5782765293085994, 3.6749867057763996, 3.7716968822441994, 3.8684070587119996, 3.9651172351797994, 4.0618274116476, 4.1585375881154, 4.255247764583199, 4.351957941050999, 4.4486681175188, 4.5453782939866, 4.642088470454399, 4.738798646922199, 4.83550882339
prob_polyfit
0.27129172182614514, 0.16862883489970806, 0.0992733669855837, 0.056260468522936868, 0.03364737977309834, 0.026417978829232969, 0.030391573315282083, 0.042135935774182065, 0.05888458274535513, 0.078458297531478149, 0.099190896654522409, 0.11985924000107107, 0.1396174846569106, 0.157935582430896, 0.1745420210680918, 0.18937080915218496, 0.20251270469718052, 0.21417068742835876, 0.22461967475252054, 0.23417048141749708, 0.24313802286094643, 0.25181376224840013, 0.26044240120063022, 0.26920281421022396, 0.27819322674751035, 0.28742063705569787, 0.29679448163530686, 0.30612454441790848, 0.31512310962908507, 0.32341135834070822, 0.33053000871246752, 0.33595419992268194, 0.33911261978836016, 0.3394108760746225, 0.33625911149329013, 0.32910386239076395, 0.31746416112531584, 0.3009718821333881, 0.27941633168554147, 0.25279308133123102, 0.2213570450332164, 0.18567979999112338, 0.14671115115426658, 0.10584493942376472, 0.064989093543841636, 0.026639925682508614, -0.0060393292983046409, -0.029135730883929623, -0.037899606258014029, -0.026653279965292431, 0.011304440116024383
grasp
probs
0.0, 0.4591765873015617, 0.5913690476190067, 0.2649801587301543, 0.33640873015873063, 0.2766865079364987, 0.32270100069012875, 0.45811766735679543, 0.38668909592821904, 0.3415502070393704, 0.28877242926159263, 0.15335576259492598, 0.21332600069013233, 0.2450892857142801, 0.29627976190473837, 0.268683143547267, 0.3401117149758434, 0.20816727053133185, 0.20816727053133185, 0.09740338164252865, 0.09305555555556527, 0.13055555555555556, 0.13055555555555556, 0.08333333333333333, 0.08333333333333333, 0.08333333333333333, 0.08333333333333333, 0.08333333333333333
times_polyfit
0.0, 0.09671017646779999, 0.19342035293559998, 0.29013052940339995, 0.38684070587119995, 0.48355088233899995, 0.5802610588067999, 0.6769712352745999, 0.7736814117423999, 0.8703915882101999, 0.9671017646779999, 1.0638119411457998, 1.1605221176135998, 1.2572322940813998, 1.3539424705491998, 1.4506526470169998, 1.5473628234847998, 1.6440729999525998, 1.7407831764203998, 1.8374933528881998, 1.9342035293559998, 2.0309137058238, 2.1276238822915996, 2.2243340587594, 2.3210442352271996, 2.417754411695, 2.5144645881627996, 2.6111747646306, 2.7078849410983996, 2.8045951175662, 2.9013052940339996, 2.9980154705018, 3.0947256469695996, 3.1914358234373994, 3.2881459999051996, 3.3848561763729994, 3.4815663528407996, 3.5782765293085994, 3.6749867057763996, 3.7716968822441994, 3.8684070587119996, 3.9651172351797994, 4.0618274116476, 4.1585375881154, 4.255247764583199, 4.351957941050999, 4.4486681175188, 4.5453782939866, 4.642088470454399, 4.738798646922199, 4.83550882339
prob_polyfit
0.33201435523328965, 0.27922508420012215, 0.25025492273652206, 0.2391073669141261, 0.24072167973340411, 0.25088585556257637, 0.26615333838780814, 0.28376349387468286, 0.30156583524095354, 0.31794800294057118, 0.33176749815899204, 0.34228717011976345, 0.34911445720238626, 0.3521443818714563, 0.35150629941708361, 0.34751440050658994, 0.34062196754748592, 0.33137938486171964, 0.32039590267121215, 0.30830515489466487, 0.29573443075565015, 0.28327770020197524, 0.27147239313632271, 0.26077993245817649, 0.25157002091701725, 0.2441086817768085, 0.23855005329173767, 0.23493193699327025, 0.2331750997884347, 0.23308632986945449, 0.23436524643454443, 0.2366148632201594, 0.23935590584430749, 0.24204488296133969, 0.24409591122788726, 0.24490629408010783, 0.24388585432226834, 0.24049002052651652, 0.23425666724400712, 0.22484670902724452, 0.21208844826367396, 0.19602567682084987, 0.17696953150225053, 0.15555410331513347, 0.13279580054909629, 0.11015646566608045, 0.089610246001916749, 0.073714218278510824, 0.065682766928356784, 0.069465716228993724, 0.0898302162497428
cut
probs
0.0, 0.7348351648351893, 0.5491666666665457, 0.2107575757574773, 0.1857575757574523, 0.10627039627027285, 0.1479370629369395, 0.2833537296036061, 0.3083537296036311, 0.3083537296036311, 0.2666870629369645, 0.11801282051272054, 0.03467948717951218, 0.059679487179512165, 0.08967032967037318, 0.07749084249088597, 0.05249084249086098, 0.043452380952401094, 0.043452380952401094, 0.20119047619047623, 0.20119047619047623, 0.23003663003663002, 0.21217948717948718, 0.16666666666666666, 0.16666666666666666, 0.16666666666666666, 0.16666666666666666, 0.16666666666666666
times_polyfit
0.0, 0.09671017646779999, 0.19342035293559998, 0.29013052940339995, 0.38684070587119995, 0.48355088233899995, 0.5802610588067999, 0.6769712352745999, 0.7736814117423999, 0.8703915882101999, 0.9671017646779999, 1.0638119411457998, 1.1605221176135998, 1.2572322940813998, 1.3539424705491998, 1.4506526470169998, 1.5473628234847998, 1.6440729999525998, 1.7407831764203998, 1.8374933528881998, 1.9342035293559998, 2.0309137058238, 2.1276238822915996, 2.2243340587594, 2.3210442352271996, 2.417754411695, 2.5144645881627996, 2.6111747646306, 2.7078849410983996, 2.8045951175662, 2.9013052940339996, 2.9980154705018, 3.0947256469695996, 3.1914358234373994, 3.2881459999051996, 3.3848561763729994, 3.4815663528407996, 3.5782765293085994, 3.6749867057763996, 3.7716968822441994, 3.8684070587119996, 3.9651172351797994, 4.0618274116476, 4.1585375881154, 4.255247764583199, 4.351957941050999, 4.4486681175188, 4.5453782939866, 4.642088470454399, 4.738798646922199, 4.83550882339
prob_polyfit
0.34362110817520103, 0.18759427868978057, 0.085547990083439551, 0.02629488450169043, 0.0001157451545099053, -0.0013560527421174196, 0.01475415561524257, 0.042455268838811844, 0.076787610210832524, 0.11372436518470114, 0.15007726552599371, 0.18340652009339126, 0.21193499225949936, 0.23446662397157297, 0.25030910645211973, 0.25920079753941488, 0.26124188566792, 0.25682980048856902, 0.24659887012898235, 0.23136422509356175, 0.21206994880348168, 0.18974147477658315, 0.16544223044716683, 0.14023452762565652, 0.11514469959821044, 0.091132484866193464, 0.069064657525496342, 0.049692904285899842, 0.033635948130204041, 0.021365918613217849, 0.013198968800844979, 0.009290138848888907, 0.0096324662217393553, 0.014060342551120597, 0.022257117134674209, 0.033766947074195974, 0.048010894054226816, 0.064307267760106035, 0.081896215936254235, 0.09996856108406954, 0.11769888379986965, 0.13428285275290724, 0.14897880130278557, 0.16115355075736032, 0.17033248027006925, 0.17625384337740974, 0.17892733117617793, 0.17869688214081419, 0.17630773858051546, 0.17297774973592622, 0.17047292151657528
trans_prob
place
probs
0.0, 0.6018518518518519, 0.5925925925925927, 0.42102396514161217, 0.4395424836601307, 0.4395424836601307, 0.3770424836601802, 0.34027777777782725, 0.28472222222227167, 0.21527777777782728, 0.27777777777777773, 0.48611111111111116, 0.6527777777777778, 0.625, 0.4583333333333333, 0.4305555555555556, 0.48611111111111116, 0.48611111111111116, 0.48611111111111116, 0.6527777777777778, 0.7083333333333334, 0.7083333333333334, 0.7083333333333334, 0.6527777777777778, 0.7083333333333334, 0.7083333333333334, 0.7083333333333334, 0.7083333333333334
times_polyfit
0.0, 0.09671017646779999, 0.19342035293559998, 0.29013052940339995, 0.38684070587119995, 0.48355088233899995, 0.5802610588067999, 0.6769712352745999, 0.7736814117423999, 0.8703915882101999, 0.9671017646779999, 1.0638119411457998, 1.1605221176135998, 1.2572322940813998, 1.3539424705491998, 1.4506526470169998, 1.5473628234847998, 1.6440729999525998, 1.7407831764203998, 1.8374933528881998, 1.9342035293559998, 2.0309137058238, 2.1276238822915996, 2.2243340587594, 2.3210442352271996, 2.417754411695, 2.5144645881627996, 2.6111747646306, 2.7078849410983996, 2.8045951175662, 2.9013052940339996, 2.9980154705018, 3.0947256469695996, 3.1914358234373994, 3.2881459999051996, 3.3848561763729994, 3.4815663528407996, 3.5782765293085994, 3.6749867057763996, 3.7716968822441994, 3.8684070587119996, 3.9651172351797994, 4.0618274116476, 4.1585375881154, 4.255247764583199, 4.351957941050999, 4.4486681175188, 4.5453782939866, 4.642088470454399, 4.738798646922199, 4.83550882339
prob_polyfit
0.40531758042755045, 0.53416061664307124, 0.60558650448930762, 0.63353140156374244, 0.62982529827779743, 0.60438257459610845, 0.56538452335777611, 0.5194538401795874, 0.47182107994121442, 0.42648307985238182, 0.3863533491020153, 0.35340442508935427, 0.32880219623704826, 0.31303219138621668, 0.3060178357734909, 0.3072306735900317, 0.31579255712249649, 0.33056980247602202, 0.35025931187914799, 0.37346666257072042, 0.39877616226876961, 0.42481287122137729, 0.45029659083948675, 0.4740878189117364, 0.49522567140118651, 0.51295777082410665, 0.52676210121068823, 0.53636082964773446, 0.54172609440332731, 0.54307775963347882, 0.5408731366707753, 0.53578867189485435, 0.52869360118519171, 0.52061557095537103, 0.51269822576974344, 0.50615076254202918, 0.50218945131539505, 0.50197112262544574, 0.5065186214440327, 0.51663822770601064, 0.5328290434176679, 0.55518434634656599, 0.58328491029440932, 0.61608429195101677, 0.6517860843305614, 0.68771313678985257, 0.72016874162867306, 0.74428978727170647, 0.75389187803248947, 0.74130642046045092, 0.69720967626785568
grasp
probs
0.0, 0.4958791208791216, 0.6517857142857032, 0.5128968253967101, 0.5843253968252865, 0.5843253968252865, 0.5843253968252865, 0.7232142857142795, 0.6874999999998322, 0.788359788359403, 0.788359788359403, 0.788359788359403, 0.6726190476188861, 0.6726190476188861, 0.5059523809522194, 0.4226190476188861, 0.4583333333333333, 0.4583333333333333, 0.4583333333333333, 0.4583333333333333, 0.48611111111111116, 0.5416666666666666, 0.5416666666666666, 0.4583333333333333, 0.4583333333333333, 0.4583333333333333, 0.4583333333333333, 0.4583333333333333
times_polyfit
0.0, 0.09671017646779999, 0.19342035293559998, 0.29013052940339995, 0.38684070587119995, 0.48355088233899995, 0.5802610588067999, 0.6769712352745999, 0.7736814117423999, 0.8703915882101999, 0.9671017646779999, 1.0638119411457998, 1.1605221176135998, 1.2572322940813998, 1.3539424705491998, 1.4506526470169998, 1.5473628234847998, 1.6440729999525998, 1.7407831764203998, 1.8374933528881998, 1.9342035293559998, 2.0309137058238, 2.1276238822915996, 2.2243340587594, 2.3210442352271996, 2.417754411695, 2.5144645881627996, 2.6111747646306, 2.7078849410983996, 2.8045951175662, 2.9013052940339996, 2.9980154705018, 3.0947256469695996, 3.1914358234373994, 3.2881459999051996, 3.3848561763729994, 3.4815663528407996, 3.5782765293085994, 3.6749867057763996, 3.7716968822441994, 3.8684070587119996, 3.9651172351797994, 4.0618274116476, 4.1585375881154, 4.255247764583199, 4.351957941050999, 4.4486681175188, 4.5453782939866, 4.642088470454399, 4.738798646922199, 4.83550882339
prob_polyfit
0.44963302172336772, 0.40780205545428694, 0.38875989827191265, 0.38798014196889546, 0.40142144961093129, 0.4255007549372139, 0.45706696303038674, 0.49337515225599532, 0.53206127747143783, 0.57111737450441702, 0.60886726590089002, 0.64394276794251959, 0.67526039893362266, 0.701998588757622, 0.72357538970299384, 0.73962668855871627, 0.74998491997921968, 0.75465828111883315, 0.75381044753573367, 0.74774079036539032, 0.73686509476351825, 0.72169677961851408, 0.70282861853341871, 0.68091496207734203, 0.65665446130642513, 0.63077329255428594, 0.6040088834919457, 0.57709414045730245, 0.55074217705403994, 0.52563154402010737, 0.50239196036563172, 0.4815905457803904, 0.46371855431071851, 0.44917860930599285, 0.43827243963453344, 0.43118911716906982, 0.42799379554168415, 0.4286169501682211, 0.43284411954227742, 0.44030614779861721, 0.45046992854606649, 0.46262964997004219, 0.47589854120442632, 0.48920111997304105, 0.50126594150055692, 0.5106188486928922, 0.51557672358733808, 0.51424174007165679, 0.50449611787344906, 0.48399737781816676, 0.45017409835738165
cut
probs
0.0, 0.6820512820513477, 0.7749999999999, 0.6769607843137363, 0.6519607843137112, 0.6519607843137112, 0.6519607843137112, 0.6519607843137112, 0.6769607843137363, 0.46862745098040287, 0.46862745098040287, 0.46862745098040287, 0.3852941176471945, 0.3019607843138612, 0.3019607843138612, 0.3019607843138612, 0.2769607843138362, 0.375, 0.375, 0.5416666666666666, 0.5694444444444444, 0.625, 0.625, 0.5694444444444444, 0.625, 0.625, 0.625, 0.625
times_polyfit
0.0, 0.09671017646779999, 0.19342035293559998, 0.29013052940339995, 0.38684070587119995, 0.48355088233899995, 0.5802610588067999, 0.6769712352745999, 0.7736814117423999, 0.8703915882101999, 0.9671017646779999, 1.0638119411457998, 1.1605221176135998, 1.2572322940813998, 1.3539424705491998, 1.4506526470169998, 1.5473628234847998, 1.6440729999525998, 1.7407831764203998, 1.8374933528881998, 1.9342035293559998, 2.0309137058238, 2.1276238822915996, 2.2243340587594, 2.3210442352271996, 2.417754411695, 2.5144645881627996, 2.6111747646306, 2.7078849410983996, 2.8045951175662, 2.9013052940339996, 2.9980154705018, 3.0947256469695996, 3.1914358234373994, 3.2881459999051996, 3.3848561763729994, 3.4815663528407996, 3.5782765293085994, 3.6749867057763996, 3.7716968822441994, 3.8684070587119996, 3.9651172351797994, 4.0618274116476, 4.1585375881154, 4.255247764583199, 4.351957941050999, 4.4486681175188, 4.5453782939866, 4.642088470454399, 4.738798646922199, 4.83550882339
prob_polyfit
0.5555020877302429, 0.57077046802732323, 0.5873835696689107, 0.60422396435039616, 0.62032959869560922, 0.63488666810902716, 0.6472224198432972, 0.65679788528207383, 0.66320054143816998, 0.666136901667022, 0.66542503559546962, 0.66098701826584971, 0.65284130849540412, 0.64109505645100273, 0.62593634043917845, 0.60762633291147972, 0.58649139568513475, 0.56291510437902992, 0.53733020206500437, 0.51021048213445708, 0.4820626003802691, 0.45341781629403916, 0.42482366357863494, 0.39683554987605552, 0.37000828571061212, 0.3448875426474225, 0.32200124066621272, 0.30185086475044481, 0.28490271069174866, 0.27157906010967409, 0.26224928468675252, 0.25722087961887835, 0.25673042628099968, 0.26093448410812109, 0.26990041169163609, 0.28359711709095009, 0.301885737360442, 0.32451024729170652, 0.35108799737116336, 0.38110018095292442, 0.41388223064700247, 0.44861414392285326, 0.48431073792818724, 0.51981183352312244, 0.55377236852965073, 0.58465244019642126, 0.61070727687883253, 0.62997713893441099, 0.64027714883358788, 0.63918705048567415, 0.62404089778023197
