times
0, 0.000348091125488, 0.000735998153687, 0.000976085662842, 0.0842051506042, 1.13877820969, 1.13950109482, 1.14060521126, 1.74255514145, 1.74373102188, 1.7444050312, 2.19153308868, 2.19170618057, 2.19203400612, 2.19217205048, 2.19251608849, 2.49513101578, 2.49594092369, 2.94566106796, 3.09602212906, 3.09668707848, 3.09756016731, 3.99917602539, 3.9998831749, 4.00087594986, 4.00137400627, 4.00240397453, 4.06469392776, 4.45061898232, 4.45158815384, 4.45232510567, 4.90364718437, 4.90411996841, 4.90521502495, 4.90564012527, 5.204018116, 5.20497608185, 5.50478315353, 5.50579500198, 5.80515217781, 5.80562496185, 5.80678796768, 6.10637617111, 6.10734915733, 6.25650000572, 6.25784492493, 6.40717816353, 6.40739297867, 6.4079451561, 6.55875110626, 6.55961894989, 6.85868215561, 6.85887694359, 6.85957407951, 6.86009502411, 7.00876712799, 7.00954914093, 7.15993094444, 7.16097903252, 7.30943107605, 7.46015405655, 7.46087503433, 7.61062097549, 7.61206102371, 7.76054406166, 7.76083397865, 7.7615711689, 7.91148996353, 8.06232213974, 8.06350207329, 8.21272015572, 8.36303305626, 8.3636701107, 8.36375403404, 8.36485004425, 8.51411509514, 8.81506204605, 8.81524395943, 8.8157119751, 9.41737318039, 9.41796302795, 9.41896915436, 9.56778097153, 9.71718907356, 9.86762309074, 9.86826920509, 9.86906599998, 9.86980700493, 10.7716090679, 10.7726809978, 10.7733201981, 11.073182106, 11.2228372097, 11.2228791714, 11.2234101295, 11.22382617, 11.2249159813, 11.9759399891, 11.976678133, 12.2767632008, 12.2775011063, 12.2784941196
start_prob
place
probs
0.0, 0.49333333333333335, 0.3593137254901961, 0.12401960784313726, 0.11421568627450981, 0.11421568627450981, 0.18276573787409678, 0.18276573787409678, 0.2621775025799831, 0.2719814241486106, 0.3649786230281625, 0.3649786230281625, 0.3649786230281625, 0.28137254901961184, 0.2911764705882393, 0.2911764705882393, 0.2529411764705882, 0.2333333333333333, 0.13215686274509802, 0.14522875816994799, 0.28248366013073234, 0.28248366013073234, 0.24424836601308933, 0.16875079856505715, 0.16875079856505715, 0.18835864170231206, 0.22309253525975647, 0.22309253525975647, 0.22309253525975647, 0.13528478057893703, 0.13528478057893703, 0.17352007469658004, 0.16188805346703533, 0.3205435156518879, 0.3205435156518879, 0.2823082215342449, 0.15248366013073633, 0.15248366013073633, 0.2823082215342449, 0.3205435156518879, 0.2005228758170068, 0.17352007469658004, 0.17352007469658004, 0.1044650842793603, 0.06622979016171728, 0.2823082215342449, 0.2823082215342449, 0.1622875816993638, 0.22764705882343322, 0.26588235294107626, 0.23887955182064946, 0.23887955182064946, 0.16982456140342972, 0.3859029927759573, 0.34766769865831426, 0.34766769865831426, 0.22764705882343322, 0.26588235294107626, 0.23887955182064946, 0.23887955182064946, 0.17352007469658004, 0.16188805346703533, 0.12365275934939234, 0.298778809769539, 0.298778809769539, 0.36413828689360844, 0.2343137254900999, 0.2725490196077429, 0.20718954248367347, 0.337014103887182, 0.298778809769539, 0.36413828689360844, 0.22254901960774695, 0.2801960784312978, 0.2772549019607055, 0.2772549019607055, 0.21189542483663606, 0.3491503267974204, 0.4145098039214898, 0.4909803921567839, 0.41114845938367467, 0.41114845938367467, 0.414089635854267, 0.583557422969113, 0.622773109243723, 0.5845304437564751, 0.5845304437564751, 0.3660990712074342, 0.3660990712074342, 0.22647058823529817, 0.22647058823529817, 0.14705882352941177, 0.14705882352941177, 0.14705882352941177, 0.14705882352941177, 0.14705882352941177, 0.14705882352941177, 0.14705882352941177, 0.14705882352941177, 0.14705882352941177, 0.14705882352941177, 0.14705882352941177
times_polyfit
0.0, 0.24556988239199998, 0.49113976478399995, 0.736709647176, 0.9822795295679999, 1.2278494119599999, 1.473419294352, 1.7189891767439998, 1.9645590591359998, 2.2101289415279997, 2.4556988239199997, 2.701268706312, 2.946838588704, 3.192408471096, 3.4379783534879995, 3.6835482358799996, 3.9291181182719996, 4.174688000663999, 4.420257883055999, 4.665827765447999, 4.911397647839999, 5.1569675302319995, 5.402537412624, 5.648107295016, 5.893677177408, 6.1392470598, 6.384816942192, 6.630386824583999, 6.875956706975999, 7.121526589367999, 7.367096471759999, 7.612666354151999, 7.858236236543999, 8.103806118936, 8.349376001327999, 8.59494588372, 8.840515766111999, 9.086085648504, 9.331655530895999, 9.577225413288, 9.822795295679999, 10.068365178072, 10.313935060463999, 10.559504942855998, 10.805074825248, 11.050644707639998, 11.296214590032, 11.541784472423998, 11.787354354816, 12.032924237207999, 12.2784941196
prob_polyfit
0.23343767199932824, 0.082618422151158694, 0.041362773978994849, 0.06557601586689138, 0.12153025772282772, 0.18520977643272735, 0.24113800307921868, 0.28091420623849611, 0.30163915524673629, 0.30436611598641833, 0.2926761230449017, 0.27144426960502671, 0.24583644370253283, 0.22055320009016038, 0.19931897444556873, 0.18460030461212468, 0.17752580552999014, 0.17797303406331072, 0.18478276061756088, 0.19605921983536739, 0.20951532631626052, 0.22282429679469268, 0.23394330108688938, 0.2413803539493517, 0.24438234233492001, 0.24302954095908164, 0.23822988714796062, 0.23161434720771074, 0.22534259458321032, 0.22183561842731131, 0.2234584734497706, 0.23218185160954147, 0.24925518692379062, 0.27492627995090285, 0.30824263192528062, 0.34696749364853091, 0.38763874464313613, 0.42579080723252422, 0.456348551889939, 0.47418724765950476, 0.47483373859481465, 0.45526086723464471, 0.41469940289692947, 0.35535904962725401, 0.28291218924868983, 0.2065505431212073, 0.13837559505631231, 0.091828091285999391, 0.078799904759185579, 0.10500270416178265, 0.16309188553090753
grasp
probs
0.0, 0.606315253373992, 0.5995178677532884, 0.3697139461846633, 0.32265512265526686, 0.32265512265526686, 0.2974450386215681, 0.2974450386215681, 0.3684254307784285, 0.41548425430782493, 0.41169340463434156, 0.41169340463434156, 0.37960784313701534, 0.3031372549017212, 0.3031372549017212, 0.3031372549017212, 0.2678431372546624, 0.20901960784289772, 0.27647058823529413, 0.27647058823529413, 0.3941176470588235, 0.3941176470588235, 0.35294117647058826, 0.23529411764705882, 0.23529411764705882, 0.29411764705882354, 0.058823529411764705, 0.058823529411764705, 0.058823529411764705, 0.09999999999999999, 0.09999999999999999, 0.1411764705882353, 0.09999999999999999, 0.18235294117647058, 0.18235294117647058, 0.1411764705882353, 0.18235294117647058, 0.18235294117647058, 0.1411764705882353, 0.18235294117647058, 0.22352941176470587, 0.1411764705882353, 0.1411764705882353, 0.09999999999999999, 0.058823529411764705, 0.1411764705882353, 0.1411764705882353, 0.18235294117647058, 0.18235294117647058, 0.22352941176470587, 0.1411764705882353, 0.1411764705882353, 0.09999999999999999, 0.18235294117647058, 0.1411764705882353, 0.1411764705882353, 0.18235294117647058, 0.22352941176470587, 0.1411764705882353, 0.1411764705882353, 0.1411764705882353, 0.09999999999999999, 0.058823529411764705, 0.10823529411769317, 0.10823529411769317, 0.10823529411769317, 0.14941176470592846, 0.19058823529416374, 0.19058823529416374, 0.14941176470592846, 0.10823529411769317, 0.10823529411769317, 0.10823529411769317, 0.1607843137253429, 0.16627450980377667, 0.16627450980377667, 0.16627450980377667, 0.28392156862730605, 0.28392156862730605, 0.3603921568626002, 0.24274509803907077, 0.24274509803907077, 0.23725490196063703, 0.13529411764705881, 0.13529411764705881, 0.2117647058823529, 0.2117647058823529, 0.2117647058823529, 0.2117647058823529, 0.13529411764705881, 0.13529411764705881, 0.06431372549019845, 0.06431372549019845, 0.08952380952387431, 0.08952380952387431, 0.08952380952387431, 0.06431372549019845, 0.058823529411764705, 0.058823529411764705, 0.058823529411764705, 0.058823529411764705, 0.058823529411764705
times_polyfit
0.0, 0.24556988239199998, 0.49113976478399995, 0.736709647176, 0.9822795295679999, 1.2278494119599999, 1.473419294352, 1.7189891767439998, 1.9645590591359998, 2.2101289415279997, 2.4556988239199997, 2.701268706312, 2.946838588704, 3.192408471096, 3.4379783534879995, 3.6835482358799996, 3.9291181182719996, 4.174688000663999, 4.420257883055999, 4.665827765447999, 4.911397647839999, 5.1569675302319995, 5.402537412624, 5.648107295016, 5.893677177408, 6.1392470598, 6.384816942192, 6.630386824583999, 6.875956706975999, 7.121526589367999, 7.367096471759999, 7.612666354151999, 7.858236236543999, 8.103806118936, 8.349376001327999, 8.59494588372, 8.840515766111999, 9.086085648504, 9.331655530895999, 9.577225413288, 9.822795295679999, 10.068365178072, 10.313935060463999, 10.559504942855998, 10.805074825248, 11.050644707639998, 11.296214590032, 11.541784472423998, 11.787354354816, 12.032924237207999, 12.2784941196
prob_polyfit
0.38490991434534144, 0.33331536470633927, 0.30240877296805285, 0.29320628396643766, 0.30064402852684047, 0.31734790748632469, 0.336020107546873, 0.35078662843640634, 0.357791971493778, 0.35527512507305653, 0.34331477557617779, 0.32339096796593697, 0.2978749297781324, 0.26952815143677417, 0.24106577657470479, 0.21481759256785832, 0.19250211709959136, 0.1751151447772637, 0.16292334211925602, 0.15554575311466762, 0.15210109452082171, 0.1513961736035328, 0.15213034463478975, 0.15309232763593689, 0.15332863708785577, 0.1522670031178191, 0.1497832065079317, 0.14620538524885679, 0.14225579778252856, 0.13893594001937554, 0.13736650320210192, 0.13859862117938621, 0.14341688217150966, 0.15215736512747796, 0.16456519781643603, 0.17971551631560995, 0.19601892710066943, 0.21132732692494988, 0.22314791571534737, 0.22896213718070274, 0.22663179422463903, 0.21485640529275135, 0.19362368654092005, 0.16456855708669843, 0.13112496401989288, 0.098318803354826401, 0.072008966975083688, 0.057336766666507277, 0.056091368398330232, 0.062640106491431535, 0.058007331464327738
hammer
probs
0.0, 0.38140522875822525, 0.5107679738562267, 0.275473856209168, 0.2820098039215686, 0.2820098039215686, 0.32039215686279143, 0.32039215686279143, 0.4188235294118573, 0.4122875816994567, 0.20993464052298605, 0.20993464052298605, 0.25111111111122136, 0.19189542483674368, 0.2703267973856849, 0.2703267973856849, 0.21307189542485425, 0.25882352941176473, 0.20705882352941174, 0.25215686274504007, 0.42862745098033417, 0.42862745098033417, 0.40941176470587065, 0.33823529411776004, 0.33823529411776004, 0.29248366013084964, 0.6236601307190143, 0.6236601307190143, 0.6236601307190143, 0.566078431372555, 0.566078431372555, 0.5852941176470184, 0.49745098039224134, 0.6283660130719014, 0.6283660130719014, 0.6091503267974377, 0.4535294117647197, 0.4535294117647197, 0.5123366013073202, 0.5315522875817836, 0.5168627450980068, 0.5852941176470184, 0.5852941176470184, 0.4680392156862883, 0.4488235294118248, 0.5123366013073202, 0.5123366013073202, 0.49764705882354326, 0.5290196078432091, 0.5482352941176726, 0.6166666666666842, 0.6166666666666842, 0.49941176470595416, 0.5629248366014494, 0.543709150326986, 0.543709150326986, 0.5290196078432091, 0.5482352941176726, 0.6166666666666842, 0.6166666666666842, 0.5852941176470184, 0.49745098039224134, 0.4782352941177777, 0.5926797385621437, 0.5926797385621437, 0.6240522875818095, 0.4684313725490914, 0.48764705882355486, 0.45627450980388906, 0.5150816993464896, 0.49586601307202616, 0.527238562091692, 0.49098039215692674, 0.26436274509810315, 0.24240196078433135, 0.24240196078433135, 0.21102941176466553, 0.3331699346405123, 0.3410130718955109, 0.417483660130805, 0.21895424836606936, 0.21895424836606936, 0.24091503267984116, 0.464444444444547, 0.37032679738568486, 0.3425326797387508, 0.3425326797387508, 0.20993464052298605, 0.20993464052298605, 0.2062745098039855, 0.2062745098039855, 0.1078431372549196, 0.1078431372549196, 0.013071895424854247, 0.013071895424854247, 0.013071895424854247, 0.013071895424854247, 0.013071895424854247, 0.013071895424854247, 0.013071895424854247, 0.013071895424854247, 0.013071895424854247
times_polyfit
0.0, 0.24556988239199998, 0.49113976478399995, 0.736709647176, 0.9822795295679999, 1.2278494119599999, 1.473419294352, 1.7189891767439998, 1.9645590591359998, 2.2101289415279997, 2.4556988239199997, 2.701268706312, 2.946838588704, 3.192408471096, 3.4379783534879995, 3.6835482358799996, 3.9291181182719996, 4.174688000663999, 4.420257883055999, 4.665827765447999, 4.911397647839999, 5.1569675302319995, 5.402537412624, 5.648107295016, 5.893677177408, 6.1392470598, 6.384816942192, 6.630386824583999, 6.875956706975999, 7.121526589367999, 7.367096471759999, 7.612666354151999, 7.858236236543999, 8.103806118936, 8.349376001327999, 8.59494588372, 8.840515766111999, 9.086085648504, 9.331655530895999, 9.577225413288, 9.822795295679999, 10.068365178072, 10.313935060463999, 10.559504942855998, 10.805074825248, 11.050644707639998, 11.296214590032, 11.541784472423998, 11.787354354816, 12.032924237207999, 12.2784941196
prob_polyfit
0.28807211720420528, 0.31326566108722809, 0.3382748811016294, 0.34856964257258388, 0.34221525365159045, 0.32377099141076732, 0.30021283365779056, 0.27840000686417343, 0.26368458826997382, 0.25933464386670779, 0.26650467024560803, 0.28454286390906658, 0.31147339325704371, 0.34453382275670463, 0.38068356245996454, 0.41702911572925383, 0.45113640044481967, 0.48121995077534108, 0.50621379447647374, 0.52573967131733523, 0.53999543830232, 0.54959042353015908, 0.55535556949620335, 0.55815487507757333, 0.55872133000879987, 0.55753566306424429, 0.55476022204898323, 0.55023359680182438, 0.54352461231861371, 0.53403748462877842, 0.52115367369164045, 0.50439071221259879, 0.48355446340527858, 0.45885929115671392, 0.4309909393564651, 0.40108994015076999, 0.3706395300186997, 0.34125177491435327, 0.31435931734246908, 0.29083828665215999, 0.27061088473475942, 0.25230440032962437, 0.23307734226685156, 0.20876344223864945, 0.17453088754810103, 0.12630773068125994, 0.063285412042095424, -0.0081188489225117455, -0.068382962928977775, -0.076540591284434634, 0.041256981433660467
trans_prob
place
probs
0.0, 0.5, 0.5, 0.5, 0.4901960784313725, 0.4901960784313725, 0.4901960784313725, 0.4901960784313725, 0.4901960784313725, 0.5294117647058824, 0.41176470588217645, 0.41176470588217645, 0.41176470588217645, 0.45378151260486554, 0.41176470588217645, 0.41176470588217645, 0.41176470588217645, 0.35294117647041173, 0.23529411764705882, 0.2483660130719088, 0.2483660130719088, 0.2483660130719088, 0.13071895424837937, 0.013071895424849964, 0.013071895424849964, 0.013071895424849964, 0.013071895424849964, 0.013071895424849964, 0.013071895424849964, 0.013071895424849964, 0.013071895424849964, 0.013071895424849964, 0.013071895424849964, 0.013071895424849964, 0.013071895424849964, 0.013071895424849964, 0.013071895424849964, 0.013071895424849964, 0.013071895424849964, 0.013071895424849964, 0.013071895424849964, 0.013071895424849964, 0.013071895424849964, 0.013071895424849964, 0.013071895424849964, 0.013071895424849964, 0.013071895424849964, 0.013071895424849964, 0.0784313725489194, 0.0784313725489194, 0.0784313725489194, 0.0784313725489194, 0.0784313725489194, 0.0784313725489194, 0.0784313725489194, 0.0784313725489194, 0.0784313725489194, 0.0784313725489194, 0.0784313725489194, 0.0784313725489194, 0.013071895424849964, 0.013071895424849964, 0.013071895424849964, 0.013071895424849964, 0.013071895424849964, 0.0784313725489194, 0.0784313725489194, 0.0784313725489194, 0.013071895424849964, 0.013071895424849964, 0.013071895424849964, 0.0784313725489194, 0.0784313725489194, 0.0784313725489194, 0.0784313725489194, 0.0784313725489194, 0.013071895424849964, 0.013071895424849964, 0.0784313725489194, 0.0784313725489194, 0.0784313725489194, 0.0784313725489194, 0.0784313725489194, 0.0784313725489194, 0.11764705882352941, 0.23529411764705882, 0.23529411764705882, 0.5882352941176471, 0.5882352941176471, 0.29411764705882354, 0.29411764705882354, 0.29411764705882354, 0.29411764705882354, 0.29411764705882354, 0.29411764705882354, 0.29411764705882354, 0.29411764705882354, 0.36470588235281415, 0.36470588235281415, 0.36470588235281415, 0.36470588235281415, 0.36470588235281415
times_polyfit
0.0, 0.24556988239199998, 0.49113976478399995, 0.736709647176, 0.9822795295679999, 1.2278494119599999, 1.473419294352, 1.7189891767439998, 1.9645590591359998, 2.2101289415279997, 2.4556988239199997, 2.701268706312, 2.946838588704, 3.192408471096, 3.4379783534879995, 3.6835482358799996, 3.9291181182719996, 4.174688000663999, 4.420257883055999, 4.665827765447999, 4.911397647839999, 5.1569675302319995, 5.402537412624, 5.648107295016, 5.893677177408, 6.1392470598, 6.384816942192, 6.630386824583999, 6.875956706975999, 7.121526589367999, 7.367096471759999, 7.612666354151999, 7.858236236543999, 8.103806118936, 8.349376001327999, 8.59494588372, 8.840515766111999, 9.086085648504, 9.331655530895999, 9.577225413288, 9.822795295679999, 10.068365178072, 10.313935060463999, 10.559504942855998, 10.805074825248, 11.050644707639998, 11.296214590032, 11.541784472423998, 11.787354354816, 12.032924237207999, 12.2784941196
prob_polyfit
0.38424811269819126, 0.50599297924530495, 0.53793393280900537, 0.53229400981868413, 0.51566401935528716, 0.49871108411480924, 0.48313361868119153, 0.46643472236737271, 0.44500285101209325, 0.41591314191028561, 0.37779456374800924, 0.33104681424958227, 0.2776362574669814, 0.22065184549004802, 0.16375957107202288, 0.11065721349100699, 0.064599635141903033, 0.028038326121815005, 0.0023969436705414404, -0.012013081999061259, -0.015946538956694734, -0.011067814827749323, 0.00028968032892662254, 0.015417475329190133, 0.031547487816331654, 0.046158012492804823, 0.057242174217382868, 0.063515246498680455, 0.064542972124003506, 0.060779686313342851, 0.053512299237303496, 0.044713709089984399, 0.036816654499756241, 0.032426041084391621, 0.033994056766745495, 0.043487588977119906, 0.062081239910476094, 0.089911268083421647, 0.1259257314405714, 0.16786363411209548, 0.21239065072987506, 0.25541068475131701, 0.29256077502078137, 0.31988136365972653, 0.33463434342784881, 0.33621727880526431, 0.32709340797326869, 0.31362314758573506, 0.30664350395809381, 0.32159670850399957, 0.37795820616298637
grasp
probs
0.0, 0.4830659536539623, 0.7967914438502673, 0.7967914438502673, 0.7820855614973703, 0.7820855614973703, 0.5467914438503114, 0.5467914438503114, 0.5467914438503114, 0.5026737967914439, 0.6007130124776726, 0.6007130124776726, 0.5686274509803465, 0.27450980392152285, 0.27450980392152285, 0.27450980392152285, 0.27450980392152285, 0.27450980392152285, 0.3137254901960784, 0.3137254901960784, 0.3137254901960784, 0.3137254901960784, 0.196078431372549, 0.37254901960784315, 0.37254901960784315, 0.37254901960784315, 0.0, 0.0, 0.0, 0.011764705882352941, 0.011764705882352941, 0.011764705882352941, 0.0, 0.0, 0.0, 0.0, 0.0, 0.0, 0.0, 0.0, 0.0, 0.0, 0.0, 0.0, 0.0, 0.0, 0.0, 0.0, 0.0, 0.0, 0.0, 0.0, 0.0, 0.0, 0.0, 0.0, 0.0, 0.0, 0.0, 0.0, 0.0, 0.0, 0.0, 0.0, 0.0, 0.0, 0.0, 0.0, 0.0, 0.0, 0.0, 0.0, 0.0, 0.0, 0.0, 0.0, 0.0, 0.11764705882352941, 0.11764705882352941, 0.11764705882352941, 0.0, 0.0, 0.0, 0.0, 0.0, 0.11764705882352941, 0.11764705882352941, 0.11764705882352941, 0.11764705882352941, 0.11764705882352941, 0.11764705882352941, 0.23529411764705882, 0.23529411764705882, 0.23529411764705882, 0.23529411764705882, 0.23529411764705882, 0.23529411764705882, 0.23529411764705882, 0.23529411764705882, 0.23529411764705882, 0.23529411764705882, 0.23529411764705882
times_polyfit
0.0, 0.24556988239199998, 0.49113976478399995, 0.736709647176, 0.9822795295679999, 1.2278494119599999, 1.473419294352, 1.7189891767439998, 1.9645590591359998, 2.2101289415279997, 2.4556988239199997, 2.701268706312, 2.946838588704, 3.192408471096, 3.4379783534879995, 3.6835482358799996, 3.9291181182719996, 4.174688000663999, 4.420257883055999, 4.665827765447999, 4.911397647839999, 5.1569675302319995, 5.402537412624, 5.648107295016, 5.893677177408, 6.1392470598, 6.384816942192, 6.630386824583999, 6.875956706975999, 7.121526589367999, 7.367096471759999, 7.612666354151999, 7.858236236543999, 8.103806118936, 8.349376001327999, 8.59494588372, 8.840515766111999, 9.086085648504, 9.331655530895999, 9.577225413288, 9.822795295679999, 10.068365178072, 10.313935060463999, 10.559504942855998, 10.805074825248, 11.050644707639998, 11.296214590032, 11.541784472423998, 11.787354354816, 12.032924237207999, 12.2784941196
prob_polyfit
0.53615647628561747, 0.85875006171005119, 0.91863006879501663, 0.85221211205989156, 0.74136434856235911, 0.63051898595010258, 0.53959674200473917, 0.47352483852456717, 0.42902373937281024, 0.39924172587365025, 0.37672914208264818, 0.35516533740287692, 0.33018058417784624, 0.29955215287778381, 0.26299788692121884, 0.22174163265188818, 0.1779823471332096, 0.134362226843731, 0.093498373668509993, 0.057616940394755511, 0.028307975852236433, 0.0064029194991486182, -0.0080355237424478698, -0.015629965651123845, -0.017535528576123616, -0.015244273037809952, -0.010373498568311268, -0.0044625254173771278, 0.0012011162076179804, 0.0057100921852237807, 0.0086100465090075406, 0.0099127655697002215, 0.010052004162370176, 0.0097901728029781143, 0.01008925295944807, 0.011963319871602929, 0.016332511902556357, 0.023898789902814466, 0.035061979970182344, 0.049889987534436964, 0.068149309542358205, 0.089390654655973956, 0.11306920768784523, 0.13865944424904897, 0.16570001434314308, 0.19367466845177561, 0.22160009662949265, 0.24715049008033518, 0.2651012143211473, 0.26481980468852684, 0.22647115442639731
hammer
probs
0.0, 0.3026646556058497, 0.5101307189543653, 0.5101307189543653, 0.497058823529511, 0.497058823529511, 0.33356401384079626, 0.33356401384079626, 0.24359861591688664, 0.24359861591688664, 0.25144175317178863, 0.25144175317178863, 0.25144175317178863, 0.1453287197231492, 0.1453287197231492, 0.1453287197231492, 0.23529411764705882, 0.23529411764705882, 0.23529411764705882, 0.23529411764705882, 0.20320855614973263, 0.20320855614973263, 0.20320855614973263, 0.1699346405228003, 0.1699346405228003, 0.1699346405228003, 0.1699346405228003, 0.1699346405228003, 0.1699346405228003, 0.23529411764705882, 0.23529411764705882, 0.23529411764705882, 0.3746130030958001, 0.5294117647058824, 0.5294117647058824, 0.5294117647058824, 0.41911764705875454, 0.41911764705875454, 0.5294117647058824, 0.4117647058823529, 0.21568627450963115, 0.6470588235294118, 0.6470588235294118, 0.5490196078433225, 0.5490196078433225, 0.6470588235294118, 0.6470588235294118, 0.6470588235294118, 0.6470588235294118, 0.7647058823529411, 0.7647058823529411, 0.7647058823529411, 0.6666666666668518, 0.7647058823529411, 0.7647058823529411, 0.7647058823529411, 0.7647058823529411, 0.7647058823529411, 0.7647058823529411, 0.7647058823529411, 0.8823529411764706, 0.7843137254903813, 0.7843137254903813, 0.8823529411764706, 0.8823529411764706, 0.8823529411764706, 0.7720588235293429, 0.7720588235293429, 0.7720588235293429, 0.8823529411764706, 0.8823529411764706, 0.8823529411764706, 0.6862745098037488, 0.6744186046512606, 0.6744186046512606, 0.6744186046512606, 0.6744186046512606, 0.32694030985083283, 0.32694030985083283, 0.24405260931604367, 0.2320537799333893, 0.2320537799333893, 0.19729442164464905, 0.1699346405228003, 0.06251776072740567, 0.03791183992775458, 0.03791183992775458, 0.03791183992775458, 0.03791183992775458, 0.1278772378516642, 0.1278772378516642, 0.1278772378516642, 0.1278772378516642, 0.095791676354338, 0.095791676354338, 0.095791676354338, 0.095791676354338, 0.18990932341316152, 0.18990932341316152, 0.18990932341316152, 0.18990932341316152, 0.18990932341316152
times_polyfit
0.0, 0.24556988239199998, 0.49113976478399995, 0.736709647176, 0.9822795295679999, 1.2278494119599999, 1.473419294352, 1.7189891767439998, 1.9645590591359998, 2.2101289415279997, 2.4556988239199997, 2.701268706312, 2.946838588704, 3.192408471096, 3.4379783534879995, 3.6835482358799996, 3.9291181182719996, 4.174688000663999, 4.420257883055999, 4.665827765447999, 4.911397647839999, 5.1569675302319995, 5.402537412624, 5.648107295016, 5.893677177408, 6.1392470598, 6.384816942192, 6.630386824583999, 6.875956706975999, 7.121526589367999, 7.367096471759999, 7.612666354151999, 7.858236236543999, 8.103806118936, 8.349376001327999, 8.59494588372, 8.840515766111999, 9.086085648504, 9.331655530895999, 9.577225413288, 9.822795295679999, 10.068365178072, 10.313935060463999, 10.559504942855998, 10.805074825248, 11.050644707639998, 11.296214590032, 11.541784472423998, 11.787354354816, 12.032924237207999, 12.2784941196
prob_polyfit
0.3526085610458648, 0.44254651378694454, 0.47821685095259042, 0.46953650509489808, 0.43076256748615682, 0.37631273531679577, 0.31837793068823261, 0.26583427950954941, 0.22405099254544825, 0.19527015527500236, 0.1793045213712231, 0.17436062996549861, 0.17784744288311949, 0.18707573819201262, 0.19979121416050172, 0.21451516653709712, 0.23069121541091364, 0.24865538924912289, 0.26946043650540952, 0.2945940429111279, 0.32563519867124391, 0.36389379774434827, 0.410076174665157, 0.46401420643303071, 0.52448834129129851, 0.5891659762500624, 0.65466650440194518, 0.71675360492602624, 0.77064446660768071, 0.81141513326188786, 0.8344715499533798, 0.83604768602197621, 0.81368582791103161, 0.76665028527564283, 0.69622485122661437, 0.60584691521987899, 0.50103765873772577, 0.38909878266797893, 0.27856223496962229, 0.17840094093325021, 0.097036099914634799, 0.041210715113023322, 0.014840180050613827, 0.017999471180314752, 0.04626330235927234, 0.090680999363751513, 0.1387423627339287, 0.17677491981902793, 0.19430723411123541, 0.19103785715829502, 0.18716558731217858
