times
0, 0.000364065170288, 0.00036883354187, 0.000545978546143, 0.0041708946228, 1.20845794678, 1.20901703835, 1.21016001701, 2.11141109467, 2.11193609238, 2.11263608932, 2.41488790512, 2.41546988487, 3.1662530899, 3.16682291031, 3.16756391525, 4.37027597427, 4.37091088295, 4.37184906006, 5.12352108955, 5.12408304214, 5.12484002113, 6.47929596901, 6.48034787178, 6.4811630249, 6.48138809204, 7.08218502998, 7.08254909515, 7.23026704788, 7.2311630249, 7.23194909096, 7.98397994041, 7.98492407799, 7.98553609848
start_prob
pour_water
probs
0.0, 0.22528320802010823, 0.22528320802010823, 0.22528320802010823, 0.06580952380962381, 0.03480701754386512, 0.1768070175439071, 0.20780952380966583, 0.2744761904763325, 0.13133333333343333, 0.10982957393484256, 0.043162907268175905, 0.07147368421053178, 0.2614486215541002, 0.18443107769421316, 0.2349323308270452, 0.28809022556387337, 0.23177443609042706, 0.17986967418566516, 0.12671177944883702, 0.2293784461153357, 0.2588270676692149, 0.3254937343358816, 0.1408270676691729, 0.06666666666666667, 0.0, 0.0, 0.042, 0.0, 0.0, 0.0, 0.0, 0.0, 0.0
times_polyfit
0.0, 0.1597107219696, 0.3194214439392, 0.47913216590880003, 0.6388428878784, 0.7985536098480001, 0.9582643318176001, 1.1179750537872, 1.2776857757568, 1.4373964977264002, 1.5971072196960001, 1.7568179416656, 1.9165286636352001, 2.0762393856048003, 2.2359501075744, 2.395660829544, 2.5553715515136, 2.7150822734832003, 2.8747929954528004, 3.0345037174224, 3.1942144393920002, 3.3539251613616003, 3.5136358833312, 3.6733466053008, 3.8330573272704003, 3.9927680492400004, 4.1524787712096005, 4.312189493179201, 4.4719002151488, 4.6316109371184, 4.791321659088, 4.9510323810576, 5.1107431030272, 5.2704538249968005, 5.430164546966401, 5.589875268936001, 5.749585990905601, 5.9092967128752, 6.0690074348448, 6.2287181568144, 6.3884288787840005, 6.548139600753601, 6.707850322723201, 6.867561044692801, 7.0272717666624, 7.186982488632, 7.3466932106016, 7.5064039325712, 7.6661146545408005, 7.825825376510401, 7.985536098480001
prob_polyfit
0.14766457080615547, 0.21010713303311246, 0.23601018656561804, 0.23746036344595267, 0.22390848063978441, 0.20255712826523553, 0.17871258481347496, 0.15610263401939084, 0.13716185804089565, 0.12328598160541393, 0.11505684178211562, 0.11243955803843275, 0.11495347723943028, 0.12181846824856546, 0.13207814078841174, 0.1447015632198696, 0.15866505389846086, 0.1730156207661917, 0.18691762383764221, 0.19968423523870582, 0.21079527145665855, 0.21990297245999924, 0.22682730234669979, 0.23154234617939995, 0.23415537766603567, 0.23488017234454306, 0.23400614093012573, 0.23186485748372876, 0.22879555706007615, 0.22511117749412435, 0.22106651998414684, 0.21683010313042272, 0.21246128508742634, 0.20789422848885719, 0.202930282803782, 0.19724035878160207, 0.19037886964607642, 0.18181081369544794, 0.17095357296803515, 0.15723500263123436, 0.14016938575363058, 0.11945282811702507, 0.095079667728615647, 0.067481473690955696, 0.037690209088288906, 0.0075271325482879625, -0.020180986862659456, -0.041356766752434826, -0.050396645864396294, -0.039863281229971737, -0.00014433335389929525
grasp_top
probs
0.0, 0.9958333333333333, 0.9958333333333333, 0.9958333333333333, 0.7958333333333333, 0.7961904761904349, 0.6825722425722012, 0.6400172975173182, 0.6917506308506515, 0.6740013431013637, 0.6644042735042734, 0.6126709401709401, 0.4202197802197781, 0.4266666666666667, 0.5733333333333334, 0.5535531135531114, 0.6202197802197781, 0.5268864468864448, 0.5428571428571015, 0.4761904761904348, 0.5425722425722012, 0.5327553927553907, 0.584488726088724, 0.5098163614163593, 0.525942735042735, 0.47420940170940173, 0.45619047619043485, 0.5174358974358975, 0.4, 0.4, 0.4, 0.4, 0.4, 0.4
times_polyfit
0.0, 0.1597107219696, 0.3194214439392, 0.47913216590880003, 0.6388428878784, 0.7985536098480001, 0.9582643318176001, 1.1179750537872, 1.2776857757568, 1.4373964977264002, 1.5971072196960001, 1.7568179416656, 1.9165286636352001, 2.0762393856048003, 2.2359501075744, 2.395660829544, 2.5553715515136, 2.7150822734832003, 2.8747929954528004, 3.0345037174224, 3.1942144393920002, 3.3539251613616003, 3.5136358833312, 3.6733466053008, 3.8330573272704003, 3.9927680492400004, 4.1524787712096005, 4.312189493179201, 4.4719002151488, 4.6316109371184, 4.791321659088, 4.9510323810576, 5.1107431030272, 5.2704538249968005, 5.430164546966401, 5.589875268936001, 5.749585990905601, 5.9092967128752, 6.0690074348448, 6.2287181568144, 6.3884288787840005, 6.548139600753601, 6.707850322723201, 6.867561044692801, 7.0272717666624, 7.186982488632, 7.3466932106016, 7.5064039325712, 7.6661146545408005, 7.825825376510401, 7.985536098480001
prob_polyfit
0.75606977290039912, 0.75668073109041634, 0.75628811601215773, 0.75422832766570513, 0.750075175083324, 0.7436059461118113, 0.73476967197649401, 0.72365754843357677, 0.7104754753175363, 0.69551867629026287, 0.67914836059864447, 0.66177038864729554, 0.64381590319312476, 0.62572388796844369, 0.60792561553931379, 0.59083094620582699, 0.57481643975102414, 0.56021524184514582, 0.54730870691191225, 0.53631971926353561, 0.52740767431116287, 0.52066508165743641, 0.51611575187789238, 0.51371452879787249, 0.51334852907166173, 0.51483985087054596, 0.51794971348648966, 0.52238398965813071, 0.52780009242578274, 0.53381517832216818, 0.54001562870554654, 0.54596777104195815, 0.55122980194330151, 0.55536487376786137, 0.55795530659010406, 0.55861788734634021, 0.55702021796301493, 0.5528980742742543, 0.54607373753548805, 0.53647526033967952, 0.5241566287430337, 0.50931878240672046, 0.49233145456150557, 0.47375579360172004, 0.45436772811557541, 0.43518203715821524, 0.41747708757451685, 0.40282020017804582, 0.39309360659301362, 0.39052095856600311, 0.39769435155402888
place_top
probs
0.0, 0.7323185414515903, 0.7323185414515903, 0.7323185414515903, 0.5323185414515902, 0.4780807246875078, 0.5116101364522347, 0.5376998050681646, 0.581033138401498, 0.5436998050681789, 0.534, 0.49066666666666664, 0.45281917211318545, 0.6133333333333333, 0.6800784313725496, 0.6072051370254994, 0.673871803692166, 0.7435972938882478, 0.7957298474945621, 0.7290631808278955, 0.6206710239651326, 0.5549088407293197, 0.598242174062653, 0.5067127622979541, 0.4717342047930098, 0.4284008714596765, 0.4242800137598863, 0.4525228758169913, 0.4, 0.4, 0.4, 0.4, 0.4, 0.4
times_polyfit
0.0, 0.1597107219696, 0.3194214439392, 0.47913216590880003, 0.6388428878784, 0.7985536098480001, 0.9582643318176001, 1.1179750537872, 1.2776857757568, 1.4373964977264002, 1.5971072196960001, 1.7568179416656, 1.9165286636352001, 2.0762393856048003, 2.2359501075744, 2.395660829544, 2.5553715515136, 2.7150822734832003, 2.8747929954528004, 3.0345037174224, 3.1942144393920002, 3.3539251613616003, 3.5136358833312, 3.6733466053008, 3.8330573272704003, 3.9927680492400004, 4.1524787712096005, 4.312189493179201, 4.4719002151488, 4.6316109371184, 4.791321659088, 4.9510323810576, 5.1107431030272, 5.2704538249968005, 5.430164546966401, 5.589875268936001, 5.749585990905601, 5.9092967128752, 6.0690074348448, 6.2287181568144, 6.3884288787840005, 6.548139600753601, 6.707850322723201, 6.867561044692801, 7.0272717666624, 7.186982488632, 7.3466932106016, 7.5064039325712, 7.6661146545408005, 7.825825376510401, 7.985536098480001
prob_polyfit
0.54507511256103969, 0.58772398112336233, 0.60368792146547035, 0.60146412831491591, 0.58788733766448165, 0.56834106181179234, 0.54695224601881753, 0.52676997366627742, 0.50992884677797123, 0.49779766879003817, 0.49111405644017347, 0.49010560765180711, 0.49459825228826815, 0.50411241265194295, 0.51794760060345135, 0.5352560781758442, 0.55510620855885406, 0.57653612432818868, 0.59859833979493249, 0.6203959343499893, 0.641110933678677, 0.66002551572041213, 0.67653666824855263, 0.69016492494537862, 0.70055780684723434, 0.70748859603489922, 0.71085106844404466, 0.71065081267108099, 0.70699376164907213, 0.70007256406894169, 0.69015142242098382, 0.67755002453168689, 0.66262719547059989, 0.64576489670284631, 0.62735319936177525, 0.60777685851695551, 0.58740411531245262, 0.56657835385071731, 0.54561323969661035, 0.52479196687686291, 0.50437124025032432, 0.48459062012273868, 0.46568785598317886, 0.44792083623494994, 0.431596780797184, 0.41710930345273611, 0.40498397081516779, 0.39593298479234462, 0.39091961542034148, 0.39123301094294971, 0.398574012010663
place
probs
0.0, 0.36867132867138097, 0.36867132867138097, 0.36867132867138097, 0.16930195930201222, 0.13396396396396457, 0.2206306306306312, 0.2206306306306312, 0.26333333333333336, 0.21222222222222223, 0.22434343434343434, 0.18164073164073222, 0.2689639639639717, 0.332409962409972, 0.44471154971156945, 0.4418211068210669, 0.5078571428571023, 0.30666666666661596, 0.2, 0.13396396396396457, 0.2206306306306312, 0.2206306306306312, 0.26333333333333336, 0.17666666666666667, 0.17666666666666667, 0.13396396396396457, 0.13396396396396457, 0.15596862596865355, 0.13396396396396457, 0.13396396396396457, 0.13396396396396457, 0.13333333333333333, 0.13333333333333333, 0.13333333333333333
times_polyfit
0.0, 0.1597107219696, 0.3194214439392, 0.47913216590880003, 0.6388428878784, 0.7985536098480001, 0.9582643318176001, 1.1179750537872, 1.2776857757568, 1.4373964977264002, 1.5971072196960001, 1.7568179416656, 1.9165286636352001, 2.0762393856048003, 2.2359501075744, 2.395660829544, 2.5553715515136, 2.7150822734832003, 2.8747929954528004, 3.0345037174224, 3.1942144393920002, 3.3539251613616003, 3.5136358833312, 3.6733466053008, 3.8330573272704003, 3.9927680492400004, 4.1524787712096005, 4.312189493179201, 4.4719002151488, 4.6316109371184, 4.791321659088, 4.9510323810576, 5.1107431030272, 5.2704538249968005, 5.430164546966401, 5.589875268936001, 5.749585990905601, 5.9092967128752, 6.0690074348448, 6.2287181568144, 6.3884288787840005, 6.548139600753601, 6.707850322723201, 6.867561044692801, 7.0272717666624, 7.186982488632, 7.3466932106016, 7.5064039325712, 7.6661146545408005, 7.825825376510401, 7.985536098480001
prob_polyfit
0.25388378331635947, 0.3699000906497269, 0.41025917627725883, 0.40154310772624496, 0.36437275744338421, 0.3142835394013383, 0.26252245481228315, 0.21676978671724495, 0.1817887832199912, 0.16000666913427436, 0.15203032581319104, 0.15709997892945565, 0.17348423397536022, 0.19881979925120158, 0.23039923611096264, 0.26541007623401397, 0.30112864569167291, 0.33507193557727716, 0.36511085896874645, 0.38954823399216482, 0.40716483275546006, 0.4172368359206749, 0.41952803268380429, 0.41426010593092327, 0.40206434233930471, 0.38391810719255487, 0.36106942367812783, 0.33495299643654347, 0.30710101913049842, 0.27905210580311396, 0.25226168579414759, 0.22801720198236103, 0.20736145212292995, 0.19102741305036025, 0.17938788751242113, 0.17242331340723643, 0.16971107518957324, 0.17043965721765103, 0.1734509788071677, 0.17731425076155999, 0.18043469315014354, 0.18120045409722435, 0.17817106935634547, 0.17031080243813618, 0.15727020505412087, 0.1397192376554211, 0.11973528982512788, 0.1012494403004674, 0.090554296390829292, 0.096876752558515078, 0.13301900793306315
grasp
probs
0.0, 0.7392711196849661, 0.7392711196849661, 0.7392711196849661, 0.5536300940439529, 0.5284035494215488, 0.6128760194801194, 0.5756464237516442, 0.6198771929824123, 0.49377462887987916, 0.444230769230768, 0.4, 0.40231884057970907, 0.4, 0.5333333333333333, 0.5356521739130424, 0.5879598662207222, 0.45947501773587773, 0.4583155974460258, 0.4060079051383459, 0.5321104692408789, 0.5363209955566665, 0.5805517647874344, 0.44960071583641253, 0.444230769230768, 0.4, 0.4447790650129177, 0.5054545454546645, 0.4, 0.4, 0.4, 0.4, 0.4, 0.4
times_polyfit
0.0, 0.1597107219696, 0.3194214439392, 0.47913216590880003, 0.6388428878784, 0.7985536098480001, 0.9582643318176001, 1.1179750537872, 1.2776857757568, 1.4373964977264002, 1.5971072196960001, 1.7568179416656, 1.9165286636352001, 2.0762393856048003, 2.2359501075744, 2.395660829544, 2.5553715515136, 2.7150822734832003, 2.8747929954528004, 3.0345037174224, 3.1942144393920002, 3.3539251613616003, 3.5136358833312, 3.6733466053008, 3.8330573272704003, 3.9927680492400004, 4.1524787712096005, 4.312189493179201, 4.4719002151488, 4.6316109371184, 4.791321659088, 4.9510323810576, 5.1107431030272, 5.2704538249968005, 5.430164546966401, 5.589875268936001, 5.749585990905601, 5.9092967128752, 6.0690074348448, 6.2287181568144, 6.3884288787840005, 6.548139600753601, 6.707850322723201, 6.867561044692801, 7.0272717666624, 7.186982488632, 7.3466932106016, 7.5064039325712, 7.6661146545408005, 7.825825376510401, 7.985536098480001
prob_polyfit
0.55341895592240331, 0.61960302210672391, 0.65330784410085962, 0.66345591545761695, 0.65728264468788289, 0.64055818609920645, 0.6177906297847523, 0.59241131352409104, 0.56694301935728997, 0.54315181759376929, 0.52218332101738785, 0.50468411204922281, 0.49090910562950929, 0.48081561058020095, 0.47414485220961666, 0.47049171892064823, 0.46936349558396639, 0.47022834643772515, 0.47255431027520667, 0.47583957068186422, 0.47963476408325245, 0.48355808836528313, 0.48730397482831755, 0.49064608623646222, 0.49343540372366645, 0.49559416531796086, 0.49710641884538387, 0.49800595197502384, 0.49836236216669072, 0.49826602928256014, 0.49781275362434008, 0.49708882215761652, 0.49615726568423757, 0.49504606972516429, 0.49373910187414938, 0.49217051838459469, 0.49022341275058878, 0.48773346904379633, 0.48449838276748036, 0.48029381198923071, 0.47489662151405876, 0.46811618285869649, 0.45983449278936483, 0.45005587318432794, 0.43896701498110435, 0.42700812897360552, 0.41495596621537489, 0.40401947079573219, 0.39594882774626072, 0.39315866884077011, 0.39886619905109211
trans_prob
pour_water
probs
0.0, 0.38095238095258094, 0.38095238095258094, 0.38095238095258094, 0.3423558897244709, 0.3280701754385566, 0.3280701754385566, 0.2947368421052233, 0.3333333333333333, 0.3291925465838721, 0.3291925465838721, 0.2625258799172054, 0.24347826086958638, 0.24347826086958638, 0.43333333333403334, 0.43333333333403334, 0.5000000000007, 0.3333333333333333, 0.3333333333333333, 0.3333333333333333, 0.3333333333333333, 0.3454545454545547, 0.3454545454545547, 0.32226613965747447, 0.33681159420298373, 0.2701449275363171, 0.6434782608695865, 0.24347826086958638, 0.24347826086958638, 0.26666666666666666, 0.26666666666666666, 0.3333333333333333, 0.3333333333333333, 0.3333333333333333
times_polyfit
0.0, 0.1597107219696, 0.3194214439392, 0.47913216590880003, 0.6388428878784, 0.7985536098480001, 0.9582643318176001, 1.1179750537872, 1.2776857757568, 1.4373964977264002, 1.5971072196960001, 1.7568179416656, 1.9165286636352001, 2.0762393856048003, 2.2359501075744, 2.395660829544, 2.5553715515136, 2.7150822734832003, 2.8747929954528004, 3.0345037174224, 3.1942144393920002, 3.3539251613616003, 3.5136358833312, 3.6733466053008, 3.8330573272704003, 3.9927680492400004, 4.1524787712096005, 4.312189493179201, 4.4719002151488, 4.6316109371184, 4.791321659088, 4.9510323810576, 5.1107431030272, 5.2704538249968005, 5.430164546966401, 5.589875268936001, 5.749585990905601, 5.9092967128752, 6.0690074348448, 6.2287181568144, 6.3884288787840005, 6.548139600753601, 6.707850322723201, 6.867561044692801, 7.0272717666624, 7.186982488632, 7.3466932106016, 7.5064039325712, 7.6661146545408005, 7.825825376510401, 7.985536098480001
prob_polyfit
0.29605258970005166, 0.36516007476707135, 0.39773535369282353, 0.40513151361334476, 0.39636547217393875, 0.37843964719880152, 0.35663616615544219, 0.33478473322074931, 0.31550527175555498, 0.30042645999453821, 0.29038127775833245, 0.28558068199466824, 0.28576652895542143, 0.29034486081639543, 0.29850067454670604, 0.30929529083461338, 0.32174744087663498, 0.33489918883681313, 0.34786780778298132, 0.35988472690686435, 0.37032266783487966, 0.37871208783645849, 0.3847480477368308, 0.38828862234094852, 0.38934597117561176, 0.38807118735642665, 0.38473404238667075, 0.37969874469470022, 0.37339682971696742, 0.36629829933321134, 0.3588821284609971, 0.35160725661628756, 0.34488518224671183, 0.3390552776448772, 0.33436394224812171, 0.33094871213158528, 0.3288284435016664, 0.32790068799697658, 0.32794737760253212, 0.32864993698537748, 0.32961494105822475, 0.33041143557599084, 0.33062103857607172, 0.32990194046528054, 0.32806792056169054, 0.32518349789998413, 0.32167633410385554, 0.31846800613491477, 0.31712426672469962, 0.32002591029393179, 0.33056136217046084
grasp_top
probs
0.0, 0.9916666666666667, 0.9916666666666667, 0.9916666666666667, 0.9916666666666667, 1.0, 1.0, 1.0, 1.0, 0.946666666666368, 0.946666666666368, 0.946666666666368, 1.0, 1.0, 1.0, 1.0, 1.0, 0.6, 0.4666666666666667, 0.4, 0.5333333333333333, 0.6666666666666666, 0.7333333333333333, 0.7333333333333333, 0.6, 0.6, 0.6, 0.6, 0.6, 0.6, 0.6, 0.6, 0.6, 0.6
times_polyfit
0.0, 0.1597107219696, 0.3194214439392, 0.47913216590880003, 0.6388428878784, 0.7985536098480001, 0.9582643318176001, 1.1179750537872, 1.2776857757568, 1.4373964977264002, 1.5971072196960001, 1.7568179416656, 1.9165286636352001, 2.0762393856048003, 2.2359501075744, 2.395660829544, 2.5553715515136, 2.7150822734832003, 2.8747929954528004, 3.0345037174224, 3.1942144393920002, 3.3539251613616003, 3.5136358833312, 3.6733466053008, 3.8330573272704003, 3.9927680492400004, 4.1524787712096005, 4.312189493179201, 4.4719002151488, 4.6316109371184, 4.791321659088, 4.9510323810576, 5.1107431030272, 5.2704538249968005, 5.430164546966401, 5.589875268936001, 5.749585990905601, 5.9092967128752, 6.0690074348448, 6.2287181568144, 6.3884288787840005, 6.548139600753601, 6.707850322723201, 6.867561044692801, 7.0272717666624, 7.186982488632, 7.3466932106016, 7.5064039325712, 7.6661146545408005, 7.825825376510401, 7.985536098480001
prob_polyfit
0.79069418446377715, 1.0295333044661001, 1.147796735202895, 1.1849978736927456, 1.1717418408776301, 1.131072130131167, 1.0796921564574935, 1.029067186491001, 0.98641212940714706, 0.95557066885454689, 0.93779121601857685, 0.93240516392669925, 0.93741292310572466, 0.94998321870122227, 0.96687112916931306, 0.9847603466510686, 1.0005351391396549, 1.0114874945505312, 1.0154649268050016, 1.0109644240369484, 0.99717801903349845, 0.97399546201951748, 0.94196947589605284, 0.90224907404337018, 0.8564864207982652, 0.80672271471623991, 0.75525857472878255, 0.70451440930550047, 0.65688624873211166, 0.6146025206137129, 0.57958724871372636, 0.55333515523977828, 0.536804146684424, 0.53033066333375811, 0.53357337255214898, 0.5454906859538966, 0.56435758057107965, 0.58782720413110501, 0.61304274455006724, 0.63680504375264779, 0.65580143593475992, 0.66690129036802159, 0.6675237388683819, 0.65608306802921068, 0.63251725633540379, 0.59890513626847697, 0.56017766150442694, 0.52492875932828409, 0.50633124836582799, 0.52316330174263759, 0.60095093578665915
place_top
probs
0.0, 0.7561403508770632, 0.7561403508770632, 0.7561403508770632, 0.7561403508770632, 0.7711111111109331, 0.7111111111109351, 0.7733333333332854, 0.7733333333332854, 0.7333333333333333, 0.6, 0.6, 0.6, 0.6, 0.6, 0.6, 0.6, 0.6, 0.7333333333333333, 0.7333333333333333, 0.7333333333333333, 0.6833333333333729, 0.6833333333333729, 0.6833333333333729, 0.6, 0.6, 0.6, 0.7333333333333333, 0.6, 0.6, 0.6, 0.6, 0.6, 0.6
times_polyfit
0.0, 0.1597107219696, 0.3194214439392, 0.47913216590880003, 0.6388428878784, 0.7985536098480001, 0.9582643318176001, 1.1179750537872, 1.2776857757568, 1.4373964977264002, 1.5971072196960001, 1.7568179416656, 1.9165286636352001, 2.0762393856048003, 2.2359501075744, 2.395660829544, 2.5553715515136, 2.7150822734832003, 2.8747929954528004, 3.0345037174224, 3.1942144393920002, 3.3539251613616003, 3.5136358833312, 3.6733466053008, 3.8330573272704003, 3.9927680492400004, 4.1524787712096005, 4.312189493179201, 4.4719002151488, 4.6316109371184, 4.791321659088, 4.9510323810576, 5.1107431030272, 5.2704538249968005, 5.430164546966401, 5.589875268936001, 5.749585990905601, 5.9092967128752, 6.0690074348448, 6.2287181568144, 6.3884288787840005, 6.548139600753601, 6.707850322723201, 6.867561044692801, 7.0272717666624, 7.186982488632, 7.3466932106016, 7.5064039325712, 7.6661146545408005, 7.825825376510401, 7.985536098480001
prob_polyfit
0.60442935231739536, 0.62180322125122167, 0.6482630247810538, 0.67753053385171902, 0.70511043298460485, 0.72799522377566395, 0.74439849485717469, 0.75351530607539141, 0.75530843463622144, 0.75031923097106257, 0.73950183207493625, 0.72407948006905565, 0.70542169373995467, 0.68494104080732665, 0.66400825867269531, 0.64388447140106186, 0.62566925068765999, 0.61026326856195345, 0.59834428958100894, 0.59035525026439384, 0.58650317352272763, 0.58676766583198092, 0.59091774490574456, 0.59853574561753009, 0.60904705192526531, 0.62175440255008274, 0.63587551816167931, 0.65058279782209494, 0.66504383244040155, 0.67846148299014442, 0.69011227124186147, 0.69938183076263893, 0.70579616593510908, 0.70904746674761998, 0.70901322710821302, 0.70576741443400226, 0.69958243826882704, 0.69092066568005484, 0.6804142311883945, 0.66883188898147095, 0.65703165516326201, 0.64589798779330221, 0.63626225246531176, 0.6288052211788191, 0.62394035225676125, 0.62167659905826766, 0.6214594952420287, 0.62198926433104318, 0.62101470132867143, 0.61510157414437272, 0.59937429257216657
place
probs
0.0, 0.39809523809539216, 0.39809523809539216, 0.39809523809539216, 0.39809523809539216, 0.4124542124544058, 0.4410256410258893, 0.5333333333334916, 0.5333333333334916, 0.4666666666666667, 0.3333333333333333, 0.26969696969696966, 0.26969696969696966, 0.26969696969696966, 0.26969696969696966, 0.26969696969696966, 0.26666666666666666, 0.13333333333333333, 0.26666666666666666, 0.26666666666666666, 0.4, 0.4, 0.4666666666666667, 0.4666666666666667, 0.3333333333333333, 0.26969696969696966, 0.26969696969696966, 0.26969696969696966, 0.26969696969696966, 0.26969696969696966, 0.26969696969696966, 0.26666666666666666, 0.26666666666666666, 0.26666666666666666
times_polyfit
0.0, 0.1597107219696, 0.3194214439392, 0.47913216590880003, 0.6388428878784, 0.7985536098480001, 0.9582643318176001, 1.1179750537872, 1.2776857757568, 1.4373964977264002, 1.5971072196960001, 1.7568179416656, 1.9165286636352001, 2.0762393856048003, 2.2359501075744, 2.395660829544, 2.5553715515136, 2.7150822734832003, 2.8747929954528004, 3.0345037174224, 3.1942144393920002, 3.3539251613616003, 3.5136358833312, 3.6733466053008, 3.8330573272704003, 3.9927680492400004, 4.1524787712096005, 4.312189493179201, 4.4719002151488, 4.6316109371184, 4.791321659088, 4.9510323810576, 5.1107431030272, 5.2704538249968005, 5.430164546966401, 5.589875268936001, 5.749585990905601, 5.9092967128752, 6.0690074348448, 6.2287181568144, 6.3884288787840005, 6.548139600753601, 6.707850322723201, 6.867561044692801, 7.0272717666624, 7.186982488632, 7.3466932106016, 7.5064039325712, 7.6661146545408005, 7.825825376510401, 7.985536098480001
prob_polyfit
0.31818537099036953, 0.32972735445057333, 0.35107893972315668, 0.37706720750387251, 0.40366699195615746, 0.42786150321201072, 0.44751159754976666, 0.46123351811322438, 0.4682849290365998, 0.46845906583976271, 0.4619868249582223, 0.44944661527232838, 0.4316817945001471, 0.40972551331847962, 0.38473279007648681, 0.35791963896638179, 0.33050907451565226, 0.30368381526529153, 0.27854550949847429, 0.25608030588416941, 0.23713059190013841, 0.22237272289978688, 0.21230056468732908, 0.20721467246574254, 0.20721692902195074, 0.21221046501373625, 0.22190468422281753, 0.23582521663854439, 0.25332862223672442, 0.27362166831800383, 0.29578500327024804, 0.31880104961946387, 0.34158593923363839, 0.36302531354405176, 0.38201381164835879, 0.39749806916017816, 0.40852305066933076, 0.41428153867751993, 0.41416660187363274, 0.40782686561329645, 0.39522440746689502, 0.37669510070129153, 0.35301122855848066, 0.32544619219656939, 0.29584113515753319, 0.26667330722535654, 0.24112599054048006, 0.2231598108331885, 0.21758525664203454, 0.23013622938126385, 0.26754444712062081
grasp
probs
0.0, 0.7642298850575948, 0.7642298850575948, 0.7642298850575948, 0.7232042440319181, 0.765870910698604, 0.6923076923076568, 0.6923076923076568, 0.675, 0.6927777777777777, 0.576111111111111, 0.6344444444444444, 1.0, 0.6, 0.6, 0.6, 0.6, 0.4666666666666667, 0.4666666666666667, 0.4, 0.5333333333333333, 0.5333333333333333, 0.5416666666666666, 0.5416666666666666, 0.5416666666666666, 0.6, 0.6, 0.6, 0.6, 0.6, 0.6, 0.6, 0.6, 0.6
times_polyfit
0.0, 0.1597107219696, 0.3194214439392, 0.47913216590880003, 0.6388428878784, 0.7985536098480001, 0.9582643318176001, 1.1179750537872, 1.2776857757568, 1.4373964977264002, 1.5971072196960001, 1.7568179416656, 1.9165286636352001, 2.0762393856048003, 2.2359501075744, 2.395660829544, 2.5553715515136, 2.7150822734832003, 2.8747929954528004, 3.0345037174224, 3.1942144393920002, 3.3539251613616003, 3.5136358833312, 3.6733466053008, 3.8330573272704003, 3.9927680492400004, 4.1524787712096005, 4.312189493179201, 4.4719002151488, 4.6316109371184, 4.791321659088, 4.9510323810576, 5.1107431030272, 5.2704538249968005, 5.430164546966401, 5.589875268936001, 5.749585990905601, 5.9092967128752, 6.0690074348448, 6.2287181568144, 6.3884288787840005, 6.548139600753601, 6.707850322723201, 6.867561044692801, 7.0272717666624, 7.186982488632, 7.3466932106016, 7.5064039325712, 7.6661146545408005, 7.825825376510401, 7.985536098480001
prob_polyfit
0.60291567291324921, 0.62797910669229395, 0.64837921032687518, 0.66518924193239504, 0.6791592699003246, 0.69078056423216894, 0.70034289768992264, 0.70798509805669918, 0.71373919280121845, 0.71756848743983204, 0.71939991888977206, 0.71915102510730322, 0.7167518723044638, 0.71216228103807544, 0.70538469246470625, 0.69647301605526923, 0.68553780006293841, 0.67274806603806558, 0.65833014868378192, 0.64256388234596062, 0.62577647543123704, 0.60833441404674815, 0.59063373615529968, 0.57308901753961716, 0.55612141086938249, 0.54014607916473556, 0.52555936494990907, 0.51272603639070358, 0.50196695170946937, 0.49354748317126462, 0.48766704193491661, 0.48445004506263289, 0.48393866598179536, 0.48608770969281012, 0.49076195401641798, 0.49773629817438225, 0.50669905999710241, 0.51725876305192675, 0.52895475498575761, 0.5412719983757055, 0.55366037538144752, 0.56555884749286744, 0.57642481166697457, 0.58576899414742378, 0.59319622326034516, 0.5984524224806933, 0.60147816506186347, 0.60246913152327397, 0.60194381128877161, 0.60081878977015646, 0.60049196218885248
