Start:
0.909090909091,0.0909090909091,0.0,0.0,
0.125,0.5,0.25,0.125,
1.0,0.0,0.0,0.0,
Transition:
0.0,0.0,0.0,0.0,
0.0,0.0,0.0,0.0,
0.0,0.0,0.0,0.0,
0.0,0.0,0.0,0.0,
-
0.0,0.0,0.0,0.0,
0.0,0.0,0.0,0.0,
0.0,0.0,0.0,0.0,
0.0,0.0,0.0,0.0,
-
0.0,0.0,0.0,1.0,
0.0,0.0,0.0,0.0,
0.0,0.0,0.0,0.0,
0.0,0.0,0.0,0.0,
-
0.0,0.0,0.0,0.0,
0.0,0.0,0.0,0.0,
0.0,0.0,0.0,0.0,
0.0,0.0,0.0,0.0,
-
--
0.0,0.0,0.0,0.0,
0.0,0.0,0.0,0.0,
0.0,0.0,0.0,0.0,
0.0,0.0,0.0,0.0,
-
0.0,0.0,0.0,0.0,
0.0,0.0,0.0,0.0,
0.0,0.0,0.0,0.0,
0.0,0.0,0.0,0.0,
-
0.0,0.0,0.0,0.0,
0.0,0.0,0.0,0.0,
0.0,0.0,0.0,0.0,
0.0,0.0,0.0,0.0,
-
0.0,0.0,0.0,0.0,
0.0,0.0,0.0,0.0,
0.0,0.0,0.0,0.0,
0.0,0.0,0.0,0.0,
-
--
0.0,0.0,0.0,0.0,
0.0,0.0,0.0,0.0,
0.0,0.0,0.0,0.0,
0.0,0.0,0.0,0.0,
-
0.0,0.0,0.0,0.0,
0.0,0.0,0.0,0.0,
0.0,0.0,0.0,0.0,
0.0,0.0,0.0,0.0,
-
0.0,0.0,0.0,0.0,
0.0,0.0,0.0,0.0,
0.0,0.0,0.0,0.0,
0.0,0.0,0.0,0.0,
-
0.0,0.0,0.0,0.0,
0.0,0.0,0.0,0.0,
0.0,0.0,0.0,0.0,
0.0,0.0,0.0,0.0,
-
--
0.0,0.0,0.0,0.0,
0.0,0.0,0.0,0.0,
0.0,0.0,0.0,0.0,
0.0,0.0,0.0,0.0,
-
0.0,0.0,0.0,0.0,
0.0,0.0,0.0,0.0,
0.0,0.0,0.0,0.0,
0.0,0.0,0.0,0.0,
-
0.0,0.0,0.0,0.0,
0.0,0.0,0.0,0.0,
0.0,0.0,0.0,0.0,
0.0,0.0,0.0,0.0,
-
0.0,0.0,0.0,0.0,
0.0,0.0,0.0,0.0,
0.0,0.0,0.0,0.0,
0.0,0.0,0.0,0.0,
-
--
Map:
Neg,Stop,Stop:3
Stop,Stop,Pos:1
Stop,Stop,Stop:0
Pos,Stop,Stop:2
n_states:
2.27272727273
