Start:
0.24,0.36,0.12,0.0,0.0,0.0,0.0,0.12,0.04,0.0,0.0,0.0,0.0,0.08,0.0,0.0,0.0,0.04,0.0,0.0,
Transition:
0.0,0.942857142857,0.0,0.0,0.0,0.0,0.0,0.0,0.0,0.0,0.0,0.0285714285714,0.0285714285714,0.0,0.0,0.0,0.0,0.0,0.0,0.0,
0.810810810811,0.0,0.0,0.0810810810811,0.0,0.0,0.0,0.0810810810811,0.0,0.0,0.027027027027,0.0,0.0,0.0,0.0,0.0,0.0,0.0,0.0,0.0,
0.0833333333333,0.0,0.0,0.0,0.0,0.0,0.0,0.916666666667,0.0,0.0,0.0,0.0,0.0,0.0,0.0,0.0,0.0,0.0,0.0,0.0,
0.0,0.0,0.0,0.0,0.4,0.0,0.0,0.0,0.0,0.0,0.0,0.0,0.0,0.0,0.4,0.0,0.2,0.0,0.0,0.0,
0.0,0.0,0.0,0.0,0.0,0.5,0.166666666667,0.0,0.0,0.0,0.0,0.0,0.333333333333,0.0,0.0,0.0,0.0,0.0,0.0,0.0,
0.0,0.0,0.0,0.0,0.333333333333,0.0,0.0,0.0,0.0,0.0,0.0,0.0,0.0,0.0,0.666666666667,0.0,0.0,0.0,0.0,0.0,
0.333333333333,0.0,0.0,0.0,0.0,0.0,0.0,0.0,0.0,0.0,0.666666666667,0.0,0.0,0.0,0.0,0.0,0.0,0.0,0.0,0.0,
0.0,0.0,0.923076923077,0.0,0.0,0.0,0.0,0.0,0.0,0.0,0.0,0.0,0.0,0.0,0.0,0.0,0.0,0.0,0.0769230769231,0.0,
0.0,0.0,0.0,0.0,0.0,0.0,0.0,0.0,0.0,1.0,0.0,0.0,0.0,0.0,0.0,0.0,0.0,0.0,0.0,0.0,
0.0,1.0,0.0,0.0,0.0,0.0,0.0,0.0,0.0,0.0,0.0,0.0,0.0,0.0,0.0,0.0,0.0,0.0,0.0,0.0,
0.0,0.0,0.0,0.0,0.0,0.333333333333,0.333333333333,0.0,0.0,0.0,0.0,0.0,0.333333333333,0.0,0.0,0.0,0.0,0.0,0.0,0.0,
0.5,0.0,0.0,0.0,0.0,0.0,0.5,0.0,0.0,0.0,0.0,0.0,0.0,0.0,0.0,0.0,0.0,0.0,0.0,0.0,
0.166666666667,0.0,0.0,0.333333333333,0.0,0.0,0.0,0.0,0.0,0.0,0.0,0.166666666667,0.0,0.333333333333,0.0,0.0,0.0,0.0,0.0,0.0,
0.0,0.0,0.0,0.0,0.2,0.0,0.0,0.0,0.0,0.0,0.0,0.0,0.0,0.0,0.4,0.0,0.2,0.0,0.0,0.2,
0.0,0.0,0.0,0.0,0.0,0.0,0.0,0.0,0.0,0.0,0.0,0.0,0.5,0.0,0.0,0.5,0.0,0.0,0.0,0.0,
0.0,0.0,0.0,0.0,0.5,0.0,0.0,0.0,0.0,0.0,0.0,0.0,0.0,0.0,0.5,0.0,0.0,0.0,0.0,0.0,
0.0,0.0,0.0,1.0,0.0,0.0,0.0,0.0,0.0,0.0,0.0,0.0,0.0,0.0,0.0,0.0,0.0,0.0,0.0,0.0,
0.0,0.0,1.0,0.0,0.0,0.0,0.0,0.0,0.0,0.0,0.0,0.0,0.0,0.0,0.0,0.0,0.0,0.0,0.0,0.0,
0.0,0.0,0.0,0.0,0.0,0.0,0.0,0.0,0.0,0.0,0.0,0.0,0.0,0.0,0.0,0.0,0.0,1.0,0.0,0.0,
0.0,0.0,0.0,0.0,0.0,0.0,0.0,0.0,0.0,0.0,0.0,0.0,0.0,1.0,0.0,0.0,0.0,0.0,0.0,0.0,
Map:
index2-->0,:17
index1-->2,:0
index1-->2,middle0-->2,:3
index2-->1,middle0-->1,:8
index1-->2,middle1-->2,:15
index2-->1,middle2-->1,:14
index1-->2,middle1-->0,:9
index2-->1,:1
middle0-->2,:13
index1-->0,:7
middle0-->1,:11
middle2-->1,:4
middle2-->0,:19
index0-->1,:2
middle1-->0,:12
middle1-->2,:5
index2-->1,middle2-->0,:16
index1-->2,middle0-->1,:10
index2-->1,middle1-->0,:6
index0-->2,:18
n_states:
6
