Start:
1.0,0.0,0.0,0.0,0.0,0.0,0.0,0.0,0.0,0.0,0.0,0.0,0.0,0.0,0.0,
Transition:
0.0,0.47619047619,0.0,0.0,0.0,0.0,0.0,0.0,0.0,0.5,0.0,0.0,0.0,0.0,0.0238095238095,
0.237623762376,0.0,0.039603960396,0.0,0.0,0.019801980198,0.0,0.019801980198,0.0,0.554455445545,0.0693069306931,0.0,0.0,0.0,0.0594059405941,
0.0526315789474,0.0,0.0,0.684210526316,0.0,0.210526315789,0.0,0.0526315789474,0.0,0.0,0.0,0.0,0.0,0.0,0.0,
0.0,0.133333333333,0.266666666667,0.0,0.0666666666667,0.4,0.0,0.0,0.0,0.133333333333,0.0,0.0,0.0,0.0,0.0,
0.0,0.0,0.2,0.4,0.0,0.2,0.2,0.0,0.0,0.0,0.0,0.0,0.0,0.0,0.0,
0.0,0.0,0.411764705882,0.0,0.176470588235,0.0,0.0,0.0,0.411764705882,0.0,0.0,0.0,0.0,0.0,0.0,
0.0,0.0,0.0,0.0,1.0,0.0,0.0,0.0,0.0,0.0,0.0,0.0,0.0,0.0,0.0,
0.0,0.0,0.0,0.0,0.0,0.0,0.0,0.0,1.0,0.0,0.0,0.0,0.0,0.0,0.0,
0.0,0.272727272727,0.181818181818,0.0,0.0,0.181818181818,0.0,0.0909090909091,0.0,0.272727272727,0.0,0.0,0.0,0.0,0.0,
0.104166666667,0.770833333333,0.0208333333333,0.0,0.0,0.0,0.0,0.0,0.0,0.0,0.0520833333333,0.0104166666667,0.0,0.0,0.0416666666667,
0.0666666666667,0.0666666666667,0.0,0.0,0.0,0.0666666666667,0.0,0.0,0.0,0.8,0.0,0.0,0.0,0.0,0.0,
0.0,0.0,0.0,0.0,0.0,0.0,0.0,0.0,0.0,0.0,0.0,0.0,1.0,0.0,0.0,
0.0,0.0,0.0,0.0,0.0,0.0,0.0,0.0,0.0,0.0,0.0,0.0,0.0,1.0,0.0,
0.0,0.0,0.0,0.0,0.0,1.0,0.0,0.0,0.0,0.0,0.0,0.0,0.0,0.0,0.0,
0.0,0.454545454545,0.0,0.0,0.0,0.0,0.0,0.0,0.0,0.272727272727,0.272727272727,0.0,0.0,0.0,0.0,
Map:
Stop,Stop,Pos:Fast:14
Pos,Stop,Pos:2
Neg,Stop,Pos:8
Pos,Stop,Neg:Fast:6
Stop,Stop,Pos:1
Neg,Stop,Neg:5
Neg,Stop,Neg:Fast:7
Stop,Stop,Neg:9
Pos,Neg,Neg:12
Pos,Stop,Pos:Fast:4
Pos,Stop,Neg:3
Stop,Stop,Neg:Fast:10
Neg,Neg,Neg:13
Stop,Stop,Stop:0
Pos,Neg,Pos:11
n_states:
13
