Start:
1.0,0.0,0.0,
0.0,1.0,0.0,
0.9,0.0,0.1,
Transition:
0.0,0.0,0.0,
0.0,0.0,0.0,
0.0,0.0,0.0,
-
0.0,0.25,0.75,
1.0,0.0,0.0,
8.0,0.0,0.0,
-
0.0,1.0,0.0,
0.0,0.0,0.0,
0.0,0.0,0.0,
-
--
0.5,0.0,0.5,
1.0,0.0,0.0,
12.0,0.0,0.0,
-
0.0,0.0,0.0,
0.0,0.0,0.0,
0.0,0.0,0.0,
-
0.0,0.857142857143,0.142857142857,
0.0,0.0,0.0,
0.0,0.0,0.0,
-
--
0.642857142857,0.0,0.357142857143,
1.0,0.0,0.0,
1.0,0.0,0.0,
-
0.0,0.0,0.0,
0.0,0.0,0.0,
0.0,0.0,0.0,
-
0.0,0.0,0.0,
0.0,0.0,0.0,
0.0,0.0,0.0,
-
--
Map:
Stop,Stop,Pos:2
Stop,Stop,Stop:0
Stop,Stop,Neg:1
n_states:
10.0
