Start:
1.0,0.0,0.0,
0.0,1.0,0.0,
0.9,0.0,0.1,
Transition:
0.0,0.0,0.0,
0.0,0.0,0.0,
0.0,0.0,0.0,
-
0.0,0.235294117647,0.764705882353,
1.0,0.0,0.0,
7.0,0.0,0.0,
-
0.0,1.0,0.0,
0.0,0.0,0.0,
0.0,0.0,0.0,
-
--
0.5,0.0,0.5,
1.0,0.0,0.0,
13.0,0.0,0.0,
-
0.0,0.0,0.0,
0.0,0.0,0.0,
0.0,0.0,0.0,
-
0.0,0.857142857143,0.142857142857,
0.0,0.0,0.0,
0.0,0.0,0.0,
-
--
0.714285714286,0.0,0.285714285714,
1.0,0.0,0.0,
1.0,0.0,0.0,
-
0.0,0.0,0.0,
0.0,0.0,0.0,
0.0,0.0,0.0,
-
0.0,0.0,0.0,
0.0,0.0,0.0,
0.0,0.0,0.0,
-
--
Map:
Neg:1
Stop:0
Pos:2
n_states:
10.1
