Start:
1.0,0.0,0.0,0.0,0.0,
0.0,0.4,0.6,0.0,0.0,
Transition:
0.0,0.0,0.0,0.0,0.0,
0.0,0.666666666667,0.333333333333,0.0,0.0,
0.5,0.5,0.0,0.0,0.0,
0.0,0.0,0.0,0.0,0.0,
0.0,0.0,0.0,1.0,0.0,
-
0.0,0.666666666667,0.333333333333,0.0,0.0,
0.25,0.6875,0.0625,0.0,0.0,
0.333333333333,0.666666666667,0.0,0.0,0.0,
0.5,0.0,0.0,0.0,0.5,
0.0,1.0,0.0,0.0,0.0,
-
0.0,0.142857142857,0.714285714286,0.0,0.142857142857,
0.375,0.5,0.0,0.125,0.0,
0.0,0.0,0.0,0.0,0.0,
0.0,0.0,0.0,0.0,0.0,
0.0,0.0,0.0,0.0,0.0,
-
0.0,1.0,0.0,0.0,0.0,
0.0,0.0,0.0,0.0,1.0,
0.0,0.0,0.0,0.0,0.0,
0.0,0.0,0.0,0.0,0.0,
0.0,0.0,0.0,1.0,0.0,
-
0.0,0.0,0.0,0.0,0.0,
0.0,0.0,0.0,1.0,0.0,
0.0,0.0,0.0,0.0,0.0,
0.0,0.5,0.0,0.0,0.5,
0.0,0.0,0.0,0.0,0.0,
-
Map:
Opening,-pitchorientation:3
stop,C:0
movement,C:2
Closing,-pitchorientation:4
rotation,C:1
n_states:
8
