Start:
0.7,0.0,0.0,0.0,0.0,0.3,0.0,0.0,
Transition:
0.0,0.6,0.133333333333,0.266666666667,0.0,0.0,0.0,0.0,
0.333333333333,0.0,0.444444444444,0.222222222222,0.0,0.0,0.0,0.0,
0.571428571429,0.0,0.142857142857,0.285714285714,0.0,0.0,0.0,0.0,
0.0,0.125,0.0,0.0,0.625,0.0,0.25,0.0,
0.0,0.0,0.0,0.0,0.0,0.4,0.4,0.2,
0.0,0.0,0.0,0.0,1.0,0.0,0.0,0.0,
0.0,0.0,0.0,0.0,0.0,1.0,0.0,0.0,
1.0,0.0,0.0,0.0,0.0,0.0,0.0,0.0,
Map:
Nocontact,+yaworientation:3
rotation,C:2
rotation,NC:6
stop,NC:5
movement,C:1
movement,NC:4
stop,C:0
Contact,-rollorientation:7
n_states:
6
