Start:
0.178571428571,0.571428571429,0.0,0.0714285714286,0.0714285714286,0.0357142857143,0.0357142857143,0.0357142857143,0.0,
Transition:
0.0,0.6,0.2,0.2,0.0,0.0,0.0,0.0,0.0,
0.0,0.0,1.0,0.0,0.0,0.0,0.0,0.0,0.0,
0.0,0.0,0.0,0.0,0.0,0.0,0.0,0.0,0.0,
0.0,0.0,0.0,0.0,0.0,0.0,0.0,0.0,0.0,
0.0,0.666666666667,0.0,0.0,0.0,0.0,0.0,0.0,0.333333333333,
0.0,1.0,0.0,0.0,0.0,0.0,0.0,0.0,0.0,
0.0,1.0,0.0,0.0,0.0,0.0,0.0,0.0,0.0,
0.0,0.0,0.0,0.0,1.0,0.0,0.0,0.0,0.0,
0.0,0.0,0.0,0.0,0.0,0.0,0.0,0.0,0.0,
Map:
ring0-->1,:5
index1-->0,ring1-->0,middle1-->0,:8
index1-->0,:2
middle1-->0,:6
ring1-->2,middle0-->1,:7
index0-->1,:0
ring1-->0,:1
ring2-->1,:4
index1-->0,ring1-->0,:3
n_states:
1
