Start:
1.0,0.0,0.0,0.0,0.0,0.0,0.0,0.0,0.0,0.0,0.0,0.0,0.0,0.0,0.0,
Transition:
0.0,0.5,0.136363636364,0.0454545454545,0.227272727273,0.0,0.0,0.0909090909091,0.0,0.0,0.0,0.0,0.0,0.0,0.0,
0.0666666666667,0.0,0.333333333333,0.333333333333,0.0,0.0,0.0666666666667,0.0,0.2,0.0,0.0,0.0,0.0,0.0,0.0,
0.25,0.0625,0.0,0.0625,0.25,0.0,0.0,0.0,0.25,0.0,0.0625,0.0625,0.0,0.0,0.0,
0.428571428571,0.0,0.428571428571,0.0,0.142857142857,0.0,0.0,0.0,0.0,0.0,0.0,0.0,0.0,0.0,0.0,
0.1,0.0,0.0,0.0,0.0,0.4,0.0,0.2,0.0,0.2,0.0,0.0,0.0,0.0,0.1,
0.0,0.0,0.0,0.0,0.0,0.0,0.333333333333,0.0833333333333,0.0,0.416666666667,0.0833333333333,0.0,0.0833333333333,0.0,0.0,
0.25,0.125,0.25,0.0,0.0,0.0,0.0,0.125,0.125,0.125,0.0,0.0,0.0,0.0,0.0,
0.0,0.0,0.0,0.0,0.0,0.375,0.0,0.0,0.125,0.0,0.125,0.0,0.375,0.0,0.0,
0.1,0.1,0.0,0.0,0.0,0.5,0.1,0.1,0.0,0.1,0.0,0.0,0.0,0.0,0.0,
0.0,0.1,0.0,0.0,0.0,0.6,0.1,0.1,0.0,0.0,0.1,0.0,0.0,0.0,0.0,
0.0,0.0,0.0,0.0,0.0,0.0,0.5,0.0,0.0,0.5,0.0,0.0,0.0,0.0,0.0,
0.0,0.0,0.0,0.0,0.0,0.0,0.0,0.0,1.0,0.0,0.0,0.0,0.0,0.0,0.0,
0.0,0.0,0.75,0.0,0.0,0.0,0.0,0.0,0.0,0.0,0.0,0.0,0.0,0.25,0.0,
1.0,0.0,0.0,0.0,0.0,0.0,0.0,0.0,0.0,0.0,0.0,0.0,0.0,0.0,0.0,
0.0,0.0,0.0,0.0,0.0,0.0,0.0,0.0,0.0,0.0,0.0,0.0,0.0,0.0,0.0,
Map:
Nocontact,+yaworientation:12
Opening,+yaworientation:13
rotation,C:5
rotation,NC:2
Closing,Randomorientation:14
movement,C:7
Closing,-pitchorientation:11
Opening,-pitchorientation:10
Closing,+yaworientation:3
stop,NC:0
Contact,-pitchorientation:8
movement,NC:1
stop,C:9
Nocontact,-pitchorientation:6
Contact,+yaworientation:4
n_states:
13
