Start:
1.0,0.0,0.0,0.0,0.0,
0.0,0.347826086957,0.652173913043,0.0,0.0,
0.173913043478,0.565217391304,0.217391304348,0.0,0.0434782608696,
Transition:
0.0,0.0,0.0,0.0,0.0,
0.0,0.0,0.0,0.0,0.0,
0.0,0.0,0.0,0.0,0.0,
0.0,0.0,0.0,0.0,0.0,
0.0,0.0,0.0,0.0,0.0,
-
0.0,0.6,0.4,0.0,0.0,
0.181818181818,0.818181818182,0.0,0.0,0.0,
0.0,0.0,1.0,0.0,0.0,
0.0,0.0,0.0,0.0,0.0,
0.0,0.0,1.0,0.0,0.0,
-
0.0,0.5,0.5,0.0,0.0,
0.352941176471,0.0,0.529411764706,0.0,0.117647058824,
0.0,0.0,0.0,0.0,0.0,
0.0,0.0,0.0,0.0,0.0,
0.0,0.0,0.0,0.0,0.0,
-
0.0,0.0,0.0,0.0,1.0,
0.0,0.0,0.0,0.0,1.0,
0.0,0.0,0.0,0.0,0.0,
0.0,0.0,0.0,0.0,0.0,
0.0,0.0,0.0,0.0,0.0,
-
0.0,0.0,0.0,0.0,0.0,
0.0,0.0,0.0,0.0,0.0,
0.0,0.0,0.0,0.0,0.0,
0.0,0.0,0.0,0.0,0.0,
0.0,0.0,0.0,0.0,0.0,
-
--
0.444444444444,0.0,0.555555555556,0.0,0.0,
0.25,0.75,0.0,0.0,0.0,
1.0,3.0,0.0,0.0,0.0,
0.0,0.0,0.0,0.0,0.0,
0.0,0.0,0.0,0.0,0.0,
-
0.0,0.0,0.0,0.0,0.0,
0.0,0.0,0.0,0.0,0.0,
0.0,0.0,0.0,0.0,0.0,
0.0,0.0,0.0,0.0,0.0,
0.0,0.0,0.0,0.0,0.0,
-
0.0,0.666666666667,0.333333333333,0.0,0.0,
0.159420289855,0.0,0.811594202899,0.0144927536232,0.0144927536232,
0.0,0.0,1.0,0.0,0.0,
0.0,0.0,1.0,0.0,0.0,
0.0,0.0,2.0,0.0,0.0,
-
0.0,0.0,0.0,0.0,1.0,
0.0,0.0,1.0,0.0,0.0,
0.0,0.0,0.0,0.0,3.0,
0.0,0.0,0.0,0.0,0.0,
0.0,0.0,3.0,0.0,0.0,
-
0.0,0.0,0.0,1.0,0.0,
0.25,0.0,0.5,0.0,0.25,
0.166666666667,0.666666666667,0.0,0.166666666667,0.0,
0.0,0.0,0.0,0.0,0.0,
0.0,0.0,0.0,0.0,0.0,
-
--
0.666666666667,0.0,0.333333333333,0.0,0.0,
0.5,0.5,0.0,0.0,0.0,
1.0,1.0,0.0,0.0,0.0,
0.0,0.0,0.0,0.0,0.0,
0.0,0.0,0.0,0.0,0.0,
-
0.0,0.75,0.25,0.0,0.0,
0.0606060606061,0.909090909091,0.0,0.030303030303,0.0,
0.0,0.0,0.6,0.0,0.4,
0.0,0.4,0.6,0.0,0.0,
0.0,2.0,3.0,0.0,0.0,
-
0.0,0.0,0.0,0.0,0.0,
0.0,0.0,0.0,0.0,0.0,
0.0,0.0,0.0,0.0,0.0,
0.0,0.0,0.0,0.0,0.0,
0.0,0.0,0.0,0.0,0.0,
-
0.0,0.0,0.5,0.0,0.5,
0.0,0.333333333333,0.0,0.666666666667,0.0,
0.0,0.0,0.0,1.0,0.0,
0.0,0.0,0.0,0.0,0.0,
0.0,0.0,0.0,1.0,0.0,
-
0.0,0.0,0.0,1.0,0.0,
0.0,0.5,0.0,0.5,0.0,
0.0,2.0,0.0,2.0,0.0,
0.0,0.0,0.0,0.0,0.0,
0.0,0.0,0.0,0.0,0.0,
-
--
0.0,0.0,0.0,0.0,0.0,
0.0,0.0,0.0,0.0,0.0,
0.0,0.0,0.0,0.0,0.0,
0.0,0.0,0.0,0.0,0.0,
0.0,0.0,0.0,0.0,0.0,
-
0.0,0.0,0.0,0.0,1.0,
0.25,0.25,0.5,0.0,0.0,
0.0,0.0,0.0,0.0,2.0,
0.0,0.0,0.0,0.0,0.0,
1.0,1.0,2.0,0.0,0.0,
-
0.0,0.0,1.0,0.0,0.0,
0.0,0.0,0.5,0.0,0.5,
0.0,0.333333333333,0.666666666667,0.0,0.0,
0.0,0.0,1.0,0.0,1.0,
0.0,1.0,2.0,0.0,0.0,
-
0.0,0.0,0.0,0.0,0.0,
0.0,0.0,0.0,0.0,0.0,
0.0,0.0,0.0,0.0,0.0,
0.0,0.0,0.0,0.0,0.0,
0.0,0.0,0.0,0.0,0.0,
-
0.0,0.666666666667,0.0,0.333333333333,0.0,
0.0,1.0,0.0,0.0,0.0,
0.0,2.0,0.0,1.0,0.0,
0.0,1.0,0.0,0.0,0.0,
0.0,0.0,0.0,0.0,0.0,
-
--
0.0,1.0,0.0,0.0,0.0,
0.0,0.0,0.0,0.0,0.0,
0.0,0.0,0.0,0.0,0.0,
0.0,1.0,0.0,0.0,0.0,
0.0,0.0,0.0,0.0,0.0,
-
0.0,1.0,0.0,0.0,0.0,
0.0,0.0,0.0,0.0,1.0,
0.0,1.0,0.0,0.0,0.0,
0.0,0.0,0.0,0.0,1.0,
0.0,1.0,0.0,0.0,0.0,
-
0.0,1.0,0.0,0.0,0.0,
0.125,0.0,0.125,0.5,0.25,
0.0,1.0,0.0,0.0,0.0,
0.0,4.0,0.0,0.0,0.0,
0.0,0.0,0.0,0.0,0.0,
-
0.0,0.0,0.0,0.0,1.0,
0.0,0.0,0.0,0.0,1.0,
0.0,0.0,0.0,0.0,0.0,
0.0,0.0,0.0,0.0,0.0,
0.0,0.0,0.0,0.0,0.0,
-
0.0,0.0,0.0,0.0,0.0,
0.0,0.0,0.0,0.0,0.0,
0.0,0.0,0.0,0.0,0.0,
0.0,0.0,0.0,0.0,0.0,
0.0,0.0,0.0,0.0,0.0,
-
--
Map:
Neg:2
Pos:Fast:3
Stop:0
Pos:1
Neg:Fast:4
n_states:
13.0740740741
