Start:
1.0,0.0,0.0,0.0,0.0,0.0,0.0,0.0,0.0,0.0,0.0,0.0,0.0,0.0,0.0,0.0,0.0,0.0,0.0,0.0,0.0,
Transition:
0.0,0.510204081633,0.102040816327,0.142857142857,0.102040816327,0.0,0.0,0.0,0.0,0.0,0.0,0.0204081632653,0.0612244897959,0.0204081632653,0.0,0.0204081632653,0.0204081632653,0.0,0.0,0.0,0.0,
0.25,0.03125,0.375,0.15625,0.0625,0.03125,0.0,0.03125,0.0,0.03125,0.03125,0.0,0.0,0.0,0.0,0.0,0.0,0.0,0.0,0.0,0.0,
0.318181818182,0.0909090909091,0.227272727273,0.0909090909091,0.0454545454545,0.0,0.0,0.0,0.0,0.0909090909091,0.0909090909091,0.0,0.0,0.0,0.0,0.0,0.0,0.0,0.0,0.0454545454545,0.0,
0.277777777778,0.0,0.111111111111,0.0,0.444444444444,0.0555555555556,0.0,0.0,0.0,0.0,0.0,0.0,0.111111111111,0.0,0.0,0.0,0.0,0.0,0.0,0.0,0.0,
0.1875,0.0,0.0,0.0,0.0,0.25,0.0,0.0,0.0625,0.0,0.0,0.0,0.0625,0.4375,0.0,0.0,0.0,0.0,0.0,0.0,0.0,
0.0,0.0,0.0,0.111111111111,0.0,0.111111111111,0.111111111111,0.0,0.555555555556,0.0,0.0,0.0,0.0,0.0,0.111111111111,0.0,0.0,0.0,0.0,0.0,0.0,
0.0,0.0,0.5,0.0,0.0,0.0,0.0,0.5,0.0,0.0,0.0,0.0,0.0,0.0,0.0,0.0,0.0,0.0,0.0,0.0,0.0,
0.0,0.0,0.0,0.0,0.0,0.0,0.5,0.0,0.5,0.0,0.0,0.0,0.0,0.0,0.0,0.0,0.0,0.0,0.0,0.0,0.0,
0.0,0.0,0.0,0.0,0.0,0.857142857143,0.0,0.0,0.0,0.0,0.142857142857,0.0,0.0,0.0,0.0,0.0,0.0,0.0,0.0,0.0,0.0,
0.333333333333,0.0,0.0,0.0,0.0,0.0,0.0,0.0,0.0,0.0,0.333333333333,0.333333333333,0.0,0.0,0.0,0.0,0.0,0.0,0.0,0.0,0.0,
0.0,0.0,0.25,0.0,0.0,0.0,0.0,0.0,0.0,0.75,0.0,0.0,0.0,0.0,0.0,0.0,0.0,0.0,0.0,0.0,0.0,
0.0,0.333333333333,0.0,0.0,0.0,0.333333333333,0.0,0.0,0.333333333333,0.0,0.0,0.0,0.0,0.0,0.0,0.0,0.0,0.0,0.0,0.0,0.0,
0.0,0.333333333333,0.0,0.5,0.0,0.0,0.0,0.0,0.0,0.0,0.0,0.0,0.0,0.166666666667,0.0,0.0,0.0,0.0,0.0,0.0,0.0,
0.0,0.0,0.0,0.0,0.0,0.222222222222,0.0,0.0,0.777777777778,0.0,0.0,0.0,0.0,0.0,0.0,0.0,0.0,0.0,0.0,0.0,0.0,
0.0,0.0,0.0,0.0,0.0,0.0,0.0,0.0,0.0,0.0,0.0,0.0,0.0,0.0,0.0,0.0,0.0,0.0,0.0,0.0,0.0,
0.0,1.0,0.0,0.0,0.0,0.0,0.0,0.0,0.0,0.0,0.0,0.0,0.0,0.0,0.0,0.0,0.0,0.0,0.0,0.0,0.0,
0.0,0.0,0.0,0.0,0.0,0.0,0.0,0.0,0.0,0.0,0.0,0.0,0.0,0.0,0.0,0.0,0.0,1.0,0.0,0.0,0.0,
0.0,0.0,0.0,0.0,0.0,0.0,0.0,0.0,0.0,0.0,0.0,0.0,0.0,0.0,0.0,0.0,0.0,0.0,1.0,0.0,0.0,
0.0,0.0,0.0,0.0,0.0,0.0,0.0,0.0,0.0,0.0,0.0,0.0,0.0,0.0,0.0,0.0,0.0,0.0,0.0,0.0,0.0,
0.0,0.0,0.0,0.0,0.0,0.0,0.0,0.0,0.0,0.0,0.0,0.0,0.0,0.0,0.0,0.0,0.0,0.0,0.0,0.0,1.0,
0.0,0.0,0.0,0.0,0.0,1.0,0.0,0.0,0.0,0.0,0.0,0.0,0.0,0.0,0.0,0.0,0.0,0.0,0.0,0.0,0.0,
Map:
Nocontact,+yaworientation:15
Opening,+yaworientation:12
Closing,-rollorientation:16
rotation,C:5
rotation,NC:2
Contact,+pitchorientation:11
Closing,+rollorientation:19
Nocontact,-pitchorientation:14
movement,C:13
Nocontact,-rollorientation:6
Contact,Randomorientation:17
Closing,+yaworientation:3
stop,NC:0
Contact,+rollorientation:20
Opening,+pitchorientation:10
movement,NC:1
stop,C:8
Closing,+pitchorientation:9
Contact,+yaworientation:4
Contact,-rollorientation:7
Opening,-yaworientation:18
n_states:
8
