Start:
1.0,0.0,0.0,0.0,0.0,0.0,0.0,0.0,0.0,0.0,
Transition:
0.0,0.3,0.314285714286,0.0142857142857,0.0,0.142857142857,0.0285714285714,0.128571428571,0.0,0.0714285714286,
0.914285714286,0.0,0.0,0.0,0.0,0.0857142857143,0.0,0.0,0.0,0.0,
0.0454545454545,0.0,0.0,0.954545454545,0.0,0.0,0.0,0.0,0.0,0.0,
0.227272727273,0.0,0.0,0.0,0.772727272727,0.0,0.0,0.0,0.0,0.0,
1.0,0.0,0.0,0.0,0.0,0.0,0.0,0.0,0.0,0.0,
0.0666666666667,0.933333333333,0.0,0.0,0.0,0.0,0.0,0.0,0.0,0.0,
0.0,0.0,0.0,0.0,0.0,1.0,0.0,0.0,0.0,0.0,
0.0,0.0,0.0,0.0,0.0,0.0,0.0,0.0,1.0,0.0,
1.0,0.0,0.0,0.0,0.0,0.0,0.0,0.0,0.0,0.0,
1.0,0.0,0.0,0.0,0.0,0.0,0.0,0.0,0.0,0.0,
Map:
Pos,Stop,Stop:4
Neg,Pos,Stop:5
Neg,Stop,Stop:6
Stop,Stop,Pos:7
Stop,Pos,Stop:1
Stop,Neg,Stop:2
Pos,Neg,Stop:3
Stop,Neg,Pos:8
Stop,Stop,Neg:9
Stop,Stop,Stop:0
n_states:
20
