Start:
0.285714285714,0.0,0.285714285714,0.142857142857,0.285714285714,0.0,0.0,0.0,0.0,0.0,0.0,
Transition:
0.0,0.75,0.0,0.0,0.0,0.0,0.25,0.0,0.0,0.0,0.0,
0.0,0.0,0.0,0.0,0.0,0.0,0.0,0.0,0.0,0.0,1.0,
0.0,0.0,0.0,1.0,0.0,0.0,0.0,0.0,0.0,0.0,0.0,
0.0,0.0,0.0,0.0,0.0,0.0,0.0,0.0,0.0,0.0,0.0,
0.5,0.0,0.0,0.0,0.0,0.5,0.0,0.0,0.0,0.0,0.0,
1.0,0.0,0.0,0.0,0.0,0.0,0.0,0.0,0.0,0.0,0.0,
0.0,0.0,0.0,0.0,0.0,0.0,0.0,1.0,0.0,0.0,0.0,
0.0,0.0,0.0,0.0,0.0,0.0,0.0,0.0,1.0,0.0,0.0,
0.0,0.0,0.0,0.0,0.0,0.0,0.0,0.0,0.0,1.0,0.0,
0.0,0.0,0.0,0.0,0.0,0.0,1.0,0.0,0.0,0.0,0.0,
0.0,0.0,0.0,0.0,0.0,0.0,0.0,1.0,0.0,0.0,0.0,
Map:
thumb0-->2,:8
ring1-->2,thumb0-->2,:3
thumb0-->1,:0
ring1-->2,thumb2-->1,:9
middle0-->0,:7
thumb1-->2,:1
ring1-->2,:10
pinky1-->2,:5
index1-->0,:4
thumb1-->0,:6
ring2-->1,:2
n_states:
0
