Start:
1.0,0.0,0.0,0.0,0.0,0.0,0.0,0.0,0.0,0.0,
Transition:
0.0,0.377777777778,0.377777777778,0.0,0.0444444444444,0.0666666666667,0.0666666666667,0.0666666666667,0.0,0.0,
0.95,0.0,0.0,0.05,0.0,0.0,0.0,0.0,0.0,0.0,
0.923076923077,0.0,0.0,0.0,0.0769230769231,0.0,0.0,0.0,0.0,0.0,
0.0,0.571428571429,0.0,0.0,0.285714285714,0.142857142857,0.0,0.0,0.0,0.0,
0.4,0.0,0.4,0.0,0.0,0.0,0.2,0.0,0.0,0.0,
0.25,0.0,0.0,0.5,0.0,0.0,0.25,0.0,0.0,0.0,
0.75,0.0,0.0,0.25,0.0,0.0,0.0,0.0,0.0,0.0,
0.0,0.0,0.0,0.333333333333,0.0,0.0,0.0,0.0,0.333333333333,0.333333333333,
0.0,0.0,0.0,1.0,0.0,0.0,0.0,0.0,0.0,0.0,
0.0,0.0,0.0,0.0,0.0,0.0,0.0,0.0,1.0,0.0,
Map:
Pos,Stop,Stop:5
Stop,Pos,Neg:9
Neg,Stop,Stop:6
Neg,Stop,Pos:4
Stop,Stop,Pos:2
Stop,Stop,Neg:1
Pos,Pos,Neg:8
Pos,Stop,Neg:3
Stop,Pos,Stop:7
Stop,Stop,Stop:0
n_states:
5
