0.000363111495972:0.0404140742118,0.397616581954,0.17127341353,-0.0430764632397,0.242081461722,0.509831279327,0.824386844555
0.000712871551514:0.0404140742118,0.397616581954,0.17127341353,-0.0430764632397,0.242081461722,0.509831279327,0.824386844555
0.000910043716431:0.0404140742118,0.397616581954,0.17127341353,-0.0430764632397,0.242081461722,0.509831279327,0.824386844555
0.000936985015869:0.0404140742118,0.397616581954,0.17127341353,-0.0430764632397,0.242081461722,0.509831279327,0.824386844555
0.0681052207947:0.0393346411391,0.39773099172,0.172070343872,-0.0430764632397,0.242081461722,0.509831279327,0.824386844555
0.522055149078:0.0466343018059,0.401664578699,0.177117569374,-0.0430764632397,0.242081461722,0.509831279327,0.824386844555
0.522716999054:0.0466343018059,0.401664578699,0.177117569374,-0.0430764632397,0.242081461722,0.509831279327,0.824386844555
1.27145814896:0.0375928842481,0.423876071848,0.174523870748,-0.0113448035606,0.255859398832,0.519370093334,0.815268306333
1.27243208885:0.0375928842481,0.423876071848,0.174523870748,-0.0113448035606,0.255859398832,0.519370093334,0.815268306333
1.2735490799:0.0375928842481,0.423876071848,0.174523870748,-0.0113448035606,0.255859398832,0.519370093334,0.815268306333
1.7224149704:0.0616609898157,0.410625959534,-0.00634044675953,-0.0190482870413,0.223563446899,0.556836080256,0.799744188129
1.72326207161:0.0616609898157,0.410625959534,-0.00634044675953,-0.0190482870413,0.223563446899,0.556836080256,0.799744188129
1.72387909889:0.0616609898157,0.410625959534,-0.00634044675953,-0.0190482870413,0.223563446899,0.556836080256,0.799744188129
1.72442412376:0.0616609898157,0.410625959534,-0.00634044675953,-0.0190482870413,0.223563446899,0.556836080256,0.799744188129
1.72565817833:0.0616609898157,0.410625959534,-0.00634044675953,-0.0190482870413,0.223563446899,0.556836080256,0.799744188129
1.7267870903:0.0616609898157,0.410625959534,-0.00634044675953,-0.0190482870413,0.223563446899,0.556836080256,0.799744188129
2.0247220993:0.092948961371,0.381373943677,-0.0248142466653,-0.0967335861689,0.257994306739,0.424983742117,0.862247533297
2.02515101433:0.092948961371,0.381373943677,-0.0248142466653,-0.0967335861689,0.257994306739,0.424983742117,0.862247533297
2.32408905029:0.0958243462596,0.345235186332,-0.0274735125167,-0.154510551748,0.317271477528,0.294836471518,0.887996176981
2.32537722588:0.0958243462596,0.345235186332,-0.0274735125167,-0.154510551748,0.317271477528,0.294836471518,0.887996176981
2.32580089569:0.0958243462596,0.345235186332,-0.0274735125167,-0.154510551748,0.317271477528,0.294836471518,0.887996176981
2.3265311718:0.0937738539025,0.342790029192,-0.0280933472275,-0.154510551748,0.317271477528,0.294836471518,0.887996176981
2.77610516548:0.096290037059,0.322114074417,-0.000600101563002,-0.085924260601,0.24614969801,0.229121922441,0.937833151558
2.77699017525:0.096290037059,0.322114074417,-0.000600101563002,-0.085924260601,0.24614969801,0.229121922441,0.937833151558
2.77802419662:0.096290037059,0.322114074417,-0.000600101563002,-0.085924260601,0.24614969801,0.229121922441,0.937833151558
2.9269080162:0.0772416988943,0.315418547481,0.0458366845498,-0.039136737168,0.277837474668,0.204311392871,0.937833889992
2.92771196365:0.0772416988943,0.315418547481,0.0458366845498,-0.039136737168,0.277837474668,0.204311392871,0.937833889992
2.92774915695:0.0772416988943,0.315418547481,0.0458366845498,-0.039136737168,0.277837474668,0.204311392871,0.937833889992
2.92963218689:0.0712898078143,0.307401624284,0.104986625518,-0.039136737168,0.277837474668,0.204311392871,0.937833889992
2.92825698853:0.0712898078143,0.307401624284,0.104986625518,-0.039136737168,0.277837474668,0.204311392871,0.937833889992
2.93151307106:0.0712898078143,0.307401624284,0.104986625518,-0.039136737168,0.277837474668,0.204311392871,0.937833889992
3.37888908386:0.0419739042542,0.32922104704,0.126793660734,0.204273058898,0.429632544896,0.106756964913,0.873093390828
3.37983202934:0.0419739042542,0.32922104704,0.126793660734,0.204273058898,0.429632544896,0.106756964913,0.873093390828
3.67816519737:0.0104662098931,0.370969969609,0.156545233419,0.410471248062,0.532157870653,0.181588159092,0.717877110845
3.67904806137:0.0104662098931,0.370969969609,0.156545233419,0.410471248062,0.532157870653,0.181588159092,0.717877110845
3.67967510223:0.00429743255895,0.376712827246,0.156692264974,0.425017849361,0.551216837468,0.175054715119,0.696330674329
4.12944126129:0.00423634289655,0.407391187768,0.155186952105,0.425017849361,0.551216837468,0.175054715119,0.696330674329
4.13014888763:0.00423634289655,0.407391187768,0.155186952105,0.425017849361,0.551216837468,0.175054715119,0.696330674329
4.13127803802:0.00487121719188,0.457405298791,0.155724912875,0.425661043977,0.55744878622,0.168331171367,0.692624696198
4.28019237518:0.00487121719188,0.457405298791,0.155724912875,0.425661043977,0.55744878622,0.168331171367,0.692624696198
4.28119707108:0.00600501668976,0.537628427009,0.153865408743,0.425661043977,0.55744878622,0.168331171367,0.692624696198
4.28269290924:0.00600501668976,0.537628427009,0.153865408743,0.425661043977,0.55744878622,0.168331171367,0.692624696198
4.28394508362:0.00600501668976,0.537628427009,0.153865408743,0.425661043977,0.55744878622,0.168331171367,0.692624696198
4.43227481842:-0.00236872634672,0.641893922316,0.150868504268,0.433269119524,0.573531150025,0.159104939691,0.676776706113
4.43310022354:-0.00236872634672,0.641893922316,0.150868504268,0.433269119524,0.573531150025,0.159104939691,0.676776706113
5.03339099884:-0.0257822380658,0.755926039144,0.154911280394,0.407794591467,0.585196030165,0.176161323915,0.678392956337
5.18400478363:-0.019736492216,0.751406106909,0.0518393796246,0.407794591467,0.585196030165,0.176161323915,0.678392956337
5.18467998505:-0.019736492216,0.751406106909,0.0518393796246,0.387612778277,0.563823556046,0.197132119453,0.702139061222
5.33401584625:-0.019736492216,0.751406106909,0.0518393796246,0.387612778277,0.563823556046,0.197132119453,0.702139061222
5.33515739441:-0.019736492216,0.751406106909,0.0518393796246,0.387612778277,0.563823556046,0.197132119453,0.702139061222
5.48483181:-0.010545619176,0.749516064117,0.0875241494003,0.387612778277,0.563823556046,0.197132119453,0.702139061222
5.48561191559:-0.010545619176,0.749516064117,0.0875241494003,0.387612778277,0.563823556046,0.197132119453,0.702139061222
5.48544406891:-0.0101883270452,0.745473809444,0.176249060852,0.387612778277,0.563823556046,0.197132119453,0.702139061222
5.48658084869:-0.0101883270452,0.745473809444,0.176249060852,0.387612778277,0.563823556046,0.197132119453,0.702139061222
5.48932218552:-0.0101883270452,0.745473809444,0.176249060852,0.387612778277,0.563823556046,0.197132119453,0.702139061222
5.48969221115:-0.0101883270452,0.745473809444,0.176249060852,0.387612778277,0.563823556046,0.197132119453,0.702139061222
5.63507413864:-0.0101883270452,0.745473809444,0.176249060852,0.387612778277,0.563823556046,0.197132119453,0.702139061222
5.63611125946:-0.0101883270452,0.745473809444,0.176249060852,0.387612778277,0.563823556046,0.197132119453,0.702139061222
5.63683509827:-0.0101883270452,0.745473809444,0.176249060852,0.387612778277,0.563823556046,0.197132119453,0.702139061222
5.63783216476:-0.0298253061504,0.719735434658,0.0934137998834,0.288246282664,0.629227533567,0.0171889672422,0.721590477327
5.63957881927:-0.0298253061504,0.719735434658,0.0934137998834,0.288246282664,0.629227533567,0.0171889672422,0.721590477327
5.93657398224:-0.0398070706552,0.720985107218,0.0207160430947,0.288246282664,0.629227533567,0.0171889672422,0.721590477327
5.93701076508:-0.0398070706552,0.720985107218,0.0207160430947,0.288246282664,0.629227533567,0.0171889672422,0.721590477327
5.93803501129:-0.0250575998619,0.713479124028,0.106961615704,0.288246282664,0.629227533567,0.0171889672422,0.721590477327
5.9372959137:-0.0250575998619,0.713479124028,0.106961615704,0.288246282664,0.629227533567,0.0171889672422,0.721590477327
5.93853282928:-0.0250575998619,0.713479124028,0.106961615704,0.288246282664,0.629227533567,0.0171889672422,0.721590477327
6.08888816833:-0.0250575998619,0.713479124028,0.106961615704,0.288246282664,0.629227533567,0.0171889672422,0.721590477327
6.23778438568:-0.0346932509856,0.715735807927,0.164340600356,0.288246282664,0.629227533567,0.0171889672422,0.721590477327
6.23908519745:-0.0520809872229,0.695833025164,0.059743010714,0.194896534952,0.637734390796,-0.113505832533,0.736496895129
6.38821315765:-0.057161953385,0.695498263107,0.022730023701,0.194896534952,0.637734390796,-0.113505832533,0.736496895129
6.38928985596:-0.057161953385,0.695498263107,0.022730023701,0.194896534952,0.637734390796,-0.113505832533,0.736496895129
6.39010000229:-0.057161953385,0.695498263107,0.022730023701,0.194896534952,0.637734390796,-0.113505832533,0.736496895129
6.39049625397:-0.057161953385,0.695498263107,0.022730023701,0.194896534952,0.637734390796,-0.113505832533,0.736496895129
6.53809022903:-0.057161953385,0.695498263107,0.022730023701,0.194896534952,0.637734390796,-0.113505832533,0.736496895129
6.53926897049:-0.057161953385,0.695498263107,0.022730023701,0.194896534952,0.637734390796,-0.113505832533,0.736496895129
6.53893518448:-0.0420428741394,0.698145432351,0.126455095884,0.217245559702,0.655918415416,-0.0362380716943,0.721985802054
6.54020118713:-0.0420428741394,0.698145432351,0.126455095884,0.217245559702,0.655918415416,-0.0362380716943,0.721985802054
6.54298114777:-0.0420428741394,0.698145432351,0.126455095884,0.217245559702,0.655918415416,-0.0362380716943,0.721985802054
6.5437078476:-0.0420428741394,0.698145432351,0.126455095884,0.217245559702,0.655918415416,-0.0362380716943,0.721985802054
6.54440116882:-0.0420428741394,0.698145432351,0.126455095884,0.217245559702,0.655918415416,-0.0362380716943,0.721985802054
6.83831596375:-0.0507291407364,0.703496478491,0.144076111233,0.217245559702,0.655918415416,-0.0362380716943,0.721985802054
6.83939313889:-0.0475841053729,0.705692490799,0.0353696444041,0.217245559702,0.655918415416,-0.0362380716943,0.721985802054
7.1401014328:-0.0452002522287,0.702564335484,0.0355467400358,0.227341125612,0.633087208148,-0.136072743174,0.727324367981
7.14138507843:-0.0452002522287,0.702564335484,0.0355467400358,0.227341125612,0.633087208148,-0.136072743174,0.727324367981
7.44092512131:-0.0331620125309,0.70414258451,0.102754532244,0.227341125612,0.633087208148,-0.136072743174,0.727324367981
7.44198036194:-0.0374900950683,0.70591330546,0.00365175361765,0.229257501854,0.62637414001,-0.161006443415,0.727443292249
7.59248209:-0.0374900950683,0.70591330546,0.00365175361765,0.229257501854,0.62637414001,-0.161006443415,0.727443292249
7.5931558609:-0.0261112286254,0.699893470459,0.0615620251643,0.229257501854,0.62637414001,-0.161006443415,0.727443292249
7.89301204681:-0.0143480951997,0.699243086587,0.134082686321,0.229257501854,0.62637414001,-0.161006443415,0.727443292249
7.89416217804:-0.0143480951997,0.699243086587,0.134082686321,0.229257501854,0.62637414001,-0.161006443415,0.727443292249
7.89375400543:-0.0143480951997,0.699243086587,0.134082686321,0.229257501854,0.62637414001,-0.161006443415,0.727443292249
7.89477539062:-0.0261575687089,0.717811572396,0.0674415672383,0.266926529335,0.63099933451,-0.0815977878434,0.723831943222
7.89832115173:-0.0261575687089,0.717811572396,0.0674415672383,0.266926529335,0.63099933451,-0.0815977878434,0.723831943222
8.04418945312:-0.0337509668975,0.720064795874,0.00970839132326,0.266926529335,0.63099933451,-0.0815977878434,0.723831943222
8.04531478882:-0.0337509668975,0.720064795874,0.00970839132326,0.266926529335,0.63099933451,-0.0815977878434,0.723831943222
8.19465255737:-0.0337509668975,0.720064795874,0.00970839132326,0.266926529335,0.63099933451,-0.0815977878434,0.723831943222
8.19588661194:-0.0121662171177,0.750756771132,0.135555078137,0.370352689897,0.5955829498,0.19191874404,0.686504041689
8.49580955505:-0.0159307975366,0.748173792417,0.179209151336,0.370352689897,0.5955829498,0.19191874404,0.686504041689
8.49683761597:-0.0391049681708,0.750864335946,0.0807439801438,0.370352689897,0.5955829498,0.19191874404,0.686504041689
8.64790725708:-0.0560440062112,0.750870521537,0.0281465775464,0.370352689897,0.5955829498,0.19191874404,0.686504041689
8.64817047119:-0.0560440062112,0.750870521537,0.0281465775464,0.370352689897,0.5955829498,0.19191874404,0.686504041689
8.79605293274:-0.0560440062112,0.750870521537,0.0281465775464,0.370352689897,0.5955829498,0.19191874404,0.686504041689
8.79665756226:-0.0234152818316,0.73544493602,0.109208041784,0.345944307703,0.561114953876,0.215450058395,0.720454227504
8.94803333282:-0.0191924879933,0.734677860731,0.174467782044,0.345944307703,0.561114953876,0.215450058395,0.720454227504
8.9503288269:-0.0191924879933,0.734677860731,0.174467782044,0.345944307703,0.561114953876,0.215450058395,0.720454227504
8.94910049438:-0.0191924879933,0.734677860731,0.174467782044,0.345944307703,0.561114953876,0.215450058395,0.720454227504
8.95127391815:-0.0191924879933,0.734677860731,0.174467782044,0.345944307703,0.561114953876,0.215450058395,0.720454227504
8.95302677155:-0.0191924879933,0.734677860731,0.174467782044,0.345944307703,0.561114953876,0.215450058395,0.720454227504
9.54889678955:-0.0425639756143,0.703819732842,0.136168863017,0.206331939164,0.59923338316,-0.180297144064,0.752222507172
9.54987716675:-0.0425639756143,0.703819732842,0.136168863017,0.206331939164,0.59923338316,-0.180297144064,0.752222507172
9.55082798004:-0.0476082578388,0.711596352362,0.13652305428,0.206331939164,0.59923338316,-0.180297144064,0.752222507172
9.85063362122:-0.0575902307043,0.682088961732,0.134663550148,0.206331939164,0.59923338316,-0.180297144064,0.752222507172
9.85195159912:-0.0575902307043,0.682088961732,0.134663550148,0.206331939164,0.59923338316,-0.180297144064,0.752222507172
10.0016098022:-0.0575902307043,0.682088961732,0.134663550148,0.206331939164,0.59923338316,-0.180297144064,0.752222507172
10.0027780533:-0.0575902307043,0.682088961732,0.134663550148,0.206331939164,0.59923338316,-0.180297144064,0.752222507172
10.0033378601:-0.0575902307043,0.682088961732,0.134663550148,0.206331939164,0.59923338316,-0.180297144064,0.752222507172
10.1535816193:-0.0624542469783,0.577344575477,0.188127831481,0.466189972756,0.587684656581,0.304687507441,0.586907275492
11.2058296204:-0.04871674176,0.360699711488,0.199387015888,0.481788681069,0.649877602722,0.24953853535,0.532231970943
11.2054672241:-0.04871674176,0.360699711488,0.199387015888,0.481788681069,0.649877602722,0.24953853535,0.532231970943
11.2063465118:-0.04871674176,0.360699711488,0.199387015888,0.481788681069,0.649877602722,0.24953853535,0.532231970943
11.2083015442:-0.04871674176,0.360699711488,0.199387015888,0.481788681069,0.649877602722,0.24953853535,0.532231970943
11.2089176178:-0.0279116489196,0.383239622642,0.165942371577,0.481788681069,0.649877602722,0.24953853535,0.532231970943
11.355846405:-0.0279116489196,0.383239622642,0.165942371577,0.45395299132,0.642161551785,0.267250097225,0.556896632575
11.3565587997:-0.00337086908832,0.39880736273,0.105995500267,0.45395299132,0.642161551785,0.267250097225,0.556896632575
11.3576879501:-0.00337086908832,0.39880736273,0.105995500267,0.45395299132,0.642161551785,0.267250097225,0.556896632575
11.5066204071:0.010550447741,0.407491896017,0.0578254884603,0.45395299132,0.642161551785,0.267250097225,0.556896632575
11.5078611374:0.010550447741,0.407491896017,0.0578254884603,0.45395299132,0.642161551785,0.267250097225,0.556896632575
11.5093612671:0.010550447741,0.407491896017,0.0578254884603,0.45395299132,0.642161551785,0.267250097225,0.556896632575
11.8097639084:0.0784868330127,0.402028795088,-0.0312236013766,0.230460974601,0.344845426074,0.360331895101,0.835542391114
12.260017395:0.118813794498,0.38322617121,-0.0365697245751,0.0613950988655,0.213428592127,0.308737687497,0.924856824247
12.2609634399:0.118813794498,0.38322617121,-0.0365697245751,0.0613950988655,0.213428592127,0.308737687497,0.924856824247
12.2603540421:0.118813794498,0.38322617121,-0.0365697245751,0.0613950988655,0.213428592127,0.308737687497,0.924856824247
12.261888504:0.118813794498,0.38322617121,-0.0365697245751,0.0613950988655,0.213428592127,0.308737687497,0.924856824247
12.2637643814:0.118813794498,0.38322617121,-0.0365697245751,0.0613950988655,0.213428592127,0.308737687497,0.924856824247
12.2632865906:0.12739095173,0.376733273398,-0.0352277841268,-0.00347190415349,0.188027280322,0.287376328484,0.93917459125
12.2673549652:0.12739095173,0.376733273398,-0.0352277841268,-0.00347190415349,0.188027280322,0.287376328484,0.93917459125
12.5631513596:0.111666695403,0.383362778352,-0.0182266034892,-0.00347190415349,0.188027280322,0.287376328484,0.93917459125
12.8616952896:0.100029496311,0.375273246988,0.0157204402415,-0.0631323515962,0.189445130233,0.28852727696,0.936417202106
12.8628702164:0.100029496311,0.375273246988,0.0157204402415,-0.0631323515962,0.189445130233,0.28852727696,0.936417202106
12.8639221191:0.0795299770152,0.376146708319,0.0758444071836,-0.0631323515962,0.189445130233,0.28852727696,0.936417202106
13.3131837845:0.0355490100471,0.373502404938,0.161470145082,-0.0631323515962,0.189445130233,0.28852727696,0.936417202106
13.3136310577:0.0355490100471,0.373502404938,0.161470145082,-0.0631323515962,0.189445130233,0.28852727696,0.936417202106
13.3142938614:0.0355490100471,0.373502404938,0.161470145082,-0.0631323515962,0.189445130233,0.28852727696,0.936417202106
13.765130043:0.0363055783406,0.383475778305,0.168908161611,-0.0631323515962,0.189445130233,0.28852727696,0.936417202106
13.7662620544:0.0387739781099,0.391521120131,0.1682883269,-0.0631323515962,0.189445130233,0.28852727696,0.936417202106
13.8309307098:0.0387739781099,0.391521120131,0.1682883269,-0.0631323515962,0.189445130233,0.28852727696,0.936417202106
13.9156503677:0.0419771672347,0.394696099063,0.166340274952,-0.0631323515962,0.189445130233,0.28852727696,0.936417202106
13.9173669815:0.0419771672347,0.394696099063,0.166340274952,-0.0631323515962,0.189445130233,0.28852727696,0.936417202106
13.9164981842:0.0419771672347,0.394696099063,0.166340274952,-0.0631323515962,0.189445130233,0.28852727696,0.936417202106
13.9180297852:0.0419771672347,0.394696099063,0.166340274952,-0.0631323515962,0.189445130233,0.28852727696,0.936417202106
13.9191293716:0.0419771672347,0.394696099063,0.166340274952,-0.0631323515962,0.189445130233,0.28852727696,0.936417202106
