Start:
1.0,0.0,0.0,0.0,0.0,
0.0,0.846153846154,0.0,0.153846153846,0.0,
Transition:
0.0,0.0,0.0,0.0,0.0,
0.636363636364,0.0,0.0,0.363636363636,0.0,
0.777777777778,0.0,0.0,0.0,0.222222222222,
0.0,1.0,0.0,0.0,0.0,
0.0,0.0,0.0,0.0,0.0,
-
0.0,0.0,1.0,0.0,0.0,
0.0,0.0,0.0,0.0,0.0,
1.0,0.0,0.0,0.0,0.0,
0.25,0.75,0.0,0.0,0.0,
0.0,0.0,0.0,0.0,0.0,
-
0.0,0.0,0.0,0.0,0.0,
0.0,0.0,0.0,0.0,0.0,
0.0,0.0,0.0,0.0,0.0,
0.0,0.0,0.0,0.0,0.0,
0.0,0.0,1.0,0.0,0.0,
-
0.0,0.0,1.0,0.0,0.0,
0.6,0.0,0.4,0.0,0.0,
0.0,0.0,0.0,0.0,0.0,
0.0,0.0,0.0,0.0,0.0,
0.0,0.0,0.0,0.0,0.0,
-
0.0,0.0,0.0,0.0,0.0,
0.0,0.0,0.0,0.0,0.0,
1.0,0.0,0.0,0.0,0.0,
0.0,0.0,0.0,0.0,0.0,
0.0,0.0,0.0,0.0,0.0,
-
Map:
Pos,Stop,Neg:3
Neg,Stop,Pos:4
Stop,Stop,Pos:2
Stop,Stop,Stop:0
Stop,Stop,Neg:1
n_states:
5
