Start:
0.8,0.0,0.0,0.0,0.0,0.2,0.0,0.0,0.0,0.0,0.0,0.0,0.0,0.0,0.0,0.0,0.0,0.0,
Transition:
0.0,0.529411764706,0.0294117647059,0.0,0.0,0.0,0.0,0.0,0.0,0.0,0.0,0.294117647059,0.0882352941176,0.0294117647059,0.0,0.0294117647059,0.0,0.0,
0.333333333333,0.0416666666667,0.0416666666667,0.0,0.0,0.0,0.0,0.0416666666667,0.0,0.0,0.125,0.0416666666667,0.375,0.0,0.0,0.0,0.0,0.0,
0.0,0.0,0.0,0.333333333333,0.333333333333,0.0,0.0,0.0,0.0,0.333333333333,0.0,0.0,0.0,0.0,0.0,0.0,0.0,0.0,
0.0,0.0,1.0,0.0,0.0,0.0,0.0,0.0,0.0,0.0,0.0,0.0,0.0,0.0,0.0,0.0,0.0,0.0,
0.0,0.0,0.0,0.0,0.125,0.625,0.0625,0.0,0.0,0.125,0.0,0.0,0.0,0.0,0.0625,0.0,0.0,0.0,
0.0,0.222222222222,0.0,0.0,0.444444444444,0.0,0.0,0.0,0.0,0.333333333333,0.0,0.0,0.0,0.0,0.0,0.0,0.0,0.0,
0.0,0.0,0.0,0.0,0.0,0.5,0.0,0.5,0.0,0.0,0.0,0.0,0.0,0.0,0.0,0.0,0.0,0.0,
0.0,0.0,0.0,0.0,0.0,0.5,0.25,0.0,0.25,0.0,0.0,0.0,0.0,0.0,0.0,0.0,0.0,0.0,
0.0,0.5,0.0,0.0,0.0,0.0,0.0,0.0,0.0,0.5,0.0,0.0,0.0,0.0,0.0,0.0,0.0,0.0,
0.0,0.0,0.0,0.0,0.333333333333,0.25,0.0,0.0,0.0,0.0,0.333333333333,0.0,0.0,0.0,0.0,0.0,0.0833333333333,0.0,
0.0,0.0,0.0,0.0,0.375,0.125,0.0,0.0,0.0,0.0,0.0,0.5,0.0,0.0,0.0,0.0,0.0,0.0,
0.0,0.0,0.0,0.0,0.272727272727,0.0,0.0,0.0,0.0,0.545454545455,0.181818181818,0.0,0.0,0.0,0.0,0.0,0.0,0.0,
0.428571428571,0.0714285714286,0.0,0.0,0.0,0.0,0.0,0.142857142857,0.0,0.0,0.0,0.142857142857,0.142857142857,0.0,0.0,0.0,0.0,0.0714285714286,
0.0,1.0,0.0,0.0,0.0,0.0,0.0,0.0,0.0,0.0,0.0,0.0,0.0,0.0,0.0,0.0,0.0,0.0,
0.0,0.0,0.0,0.0,0.0,0.0,0.0,0.0,0.0,0.0,1.0,0.0,0.0,0.0,0.0,0.0,0.0,0.0,
0.0,0.0,0.0,0.0,0.0,0.0,0.0,0.0,1.0,0.0,0.0,0.0,0.0,0.0,0.0,0.0,0.0,0.0,
0.0,0.0,0.0,0.0,0.0,1.0,0.0,0.0,0.0,0.0,0.0,0.0,0.0,0.0,0.0,0.0,0.0,0.0,
0.0,0.0,0.0,0.0,0.0,0.0,0.0,0.0,0.0,0.0,0.0,1.0,0.0,0.0,0.0,0.0,0.0,0.0,
Map:
Nocontact,+yaworientation:11
Opening,+yaworientation:10
Contact,-pitchorientation:14
rotation,C:12
rotation,NC:4
Contact,+pitchorientation:6
Nocontact,+rollorientation:2
stop,NC:5
Opening,-pitchorientation:13
Closing,+yaworientation:17
movement,C:1
Contact,+rollorientation:3
Nocontact,+pitchorientation:7
stop,C:0
Opening,-rollorientation:16
Closing,+pitchorientation:15
Opening,+pitchorientation:8
movement,NC:9
n_states:
6
