Start:
0.391304347826,0.130434782609,0.260869565217,0.0434782608696,0.130434782609,0.0434782608696,0.0,0.0,0.0,
Transition:
0.0,1.0,0.0,0.0,0.0,0.0,0.0,0.0,0.0,
0.8,0.0,0.0,0.2,0.0,0.0,0.0,0.0,0.0,
0.875,0.0,0.0,0.125,0.0,0.0,0.0,0.0,0.0,
0.0,0.0,0.666666666667,0.0,0.333333333333,0.0,0.0,0.0,0.0,
0.0,0.0,0.0,0.0,0.0,0.0,0.0,0.0,0.0,
0.0,0.0,0.0,0.0,0.0,0.0,1.0,0.0,0.0,
0.0,0.0,0.0,0.0,0.0,0.0,0.0,1.0,0.0,
0.0,0.0,0.0,0.0,0.0,0.0,0.0,0.0,1.0,
1.0,0.0,0.0,0.0,0.0,0.0,0.0,0.0,0.0,
Map:
index2-->0,:4
index1-->2,:3
index2-->1,:2
index0-->1,:1
middle2-->1,:7
index1-->0,:0
middle2-->0,:5
middle0-->2,:6
index2-->1,middle1-->0,:8
n_states:
1
