Start:
0.08,0.12,0.04,0.08,0.2,0.24,0.12,0.04,0.04,0.04,
Transition:
0.0,0.666666666667,0.0,0.333333333333,0.0,0.0,0.0,0.0,0.0,0.0,
0.125,0.0,0.125,0.125,0.375,0.125,0.125,0.0,0.0,0.0,
0.0,0.0,0.0,1.0,0.0,0.0,0.0,0.0,0.0,0.0,
0.0,0.666666666667,0.0,0.0,0.0,0.0,0.333333333333,0.0,0.0,0.0,
0.166666666667,0.666666666667,0.0,0.0,0.0,0.0,0.166666666667,0.0,0.0,0.0,
0.0,0.0,0.0,0.0,0.0,0.0,0.0,0.0,0.0,0.0,
0.0,0.8,0.0,0.0,0.2,0.0,0.0,0.0,0.0,0.0,
0.0,0.0,0.0,0.0,0.0,0.0,0.0,0.0,0.0,0.0,
0.0,0.0,0.0,0.0,0.0,0.0,0.0,0.0,0.0,0.0,
0.0,0.0,0.0,0.0,0.0,0.0,0.0,0.0,0.0,0.0,
Map:
+rollorientationlong:7
-rollorientation:6
+rollorientation:0
+yaworientationlong:5
-pitchorientation:4
-rollorientationlong:9
+pitchorientation:3
-yaworientation:2
+yaworientation:1
+pitchorientationlong:8
n_states:
2
