Start:
0.4,0.4,0.04,0.0,0.04,0.12,0.0,
Transition:
0.0,0.444444444444,0.111111111111,0.333333333333,0.0,0.0,0.111111111111,
0.0,0.0,0.0,0.666666666667,0.0,0.333333333333,0.0,
0.333333333333,0.666666666667,0.0,0.0,0.0,0.0,0.0,
0.0,0.333333333333,0.0,0.0,0.666666666667,0.0,0.0,
0.0,0.5,0.5,0.0,0.0,0.0,0.0,
0.0,0.333333333333,0.0,0.333333333333,0.333333333333,0.0,0.0,
0.0,0.0,0.0,0.0,0.0,0.0,0.0,
Map:
-rollRotation:4
+yawRotation:6
No:1
-pitchRotation:2
+pitchRotation:5
-yawRotation:3
+rollRotation:0
n_states:
2
