Start:
1.0,0.0,0.0,0.0,0.0,0.0,0.0,0.0,0.0,
Transition:
0.0,0.390625,0.515625,0.046875,0.0,0.0,0.015625,0.03125,0.0,
0.769230769231,0.0,0.230769230769,0.0,0.0,0.0,0.0,0.0,0.0,
0.948717948718,0.0,0.0,0.0,0.0,0.0,0.0,0.0,0.0512820512821,
0.0,0.0,0.0,0.0,0.2,0.0,0.0,0.8,0.0,
0.0,0.0,0.0,0.0,0.0,1.0,0.0,0.0,0.0,
0.0,1.0,0.0,0.0,0.0,0.0,0.0,0.0,0.0,
0.0,0.0,0.0,0.0,0.0,0.0,0.0,1.0,0.0,
0.666666666667,0.0,0.0,0.333333333333,0.0,0.0,0.0,0.0,0.0,
0.0,0.0,1.0,0.0,0.0,0.0,0.0,0.0,0.0,
Map:
Stop,Stop,Pos:Fast:8
Pos,Stop,Stop:7
Stop,Stop,Pos:2
Stop,Stop,Neg:1
Pos,Neg,Neg:4
Pos,Neg,Stop:3
Pos,Stop,Pos:Fast:6
Pos,Stop,Neg:5
Stop,Stop,Stop:0
n_states:
4
