Start:
0.6,0.0,0.0,0.0,0.0,0.1,0.1,0.0,0.0,0.0,0.0,0.2,0.0,0.0,0.0,0.0,
Transition:
0.0,0.136363636364,0.0,0.0,0.0,0.818181818182,0.0,0.0,0.0454545454545,0.0,0.0,0.0,0.0,0.0,0.0,0.0,
0.0,0.0,0.4,0.0,0.0,0.0,0.0,0.0,0.0,0.0,0.0,0.0,0.4,0.0,0.2,0.0,
0.0,0.0,0.0,0.5,0.166666666667,0.0,0.0,0.0,0.0,0.0,0.333333333333,0.0,0.0,0.0,0.0,0.0,
0.0,0.0,0.333333333333,0.0,0.0,0.0,0.0,0.0,0.0,0.0,0.0,0.0,0.666666666667,0.0,0.0,0.0,
0.0,0.0,0.0,0.0,0.0,0.333333333333,0.0,0.0,0.666666666667,0.0,0.0,0.0,0.0,0.0,0.0,0.0,
0.888888888889,0.0,0.0,0.0,0.0,0.0,0.0,0.0,0.0,0.0555555555556,0.0555555555556,0.0,0.0,0.0,0.0,0.0,
0.0,0.0,0.0,0.0,0.0,0.0,0.0,1.0,0.0,0.0,0.0,0.0,0.0,0.0,0.0,0.0,
1.0,0.0,0.0,0.0,0.0,0.0,0.0,0.0,0.0,0.0,0.0,0.0,0.0,0.0,0.0,0.0,
0.0,0.0,0.0,0.333333333333,0.333333333333,0.0,0.0,0.0,0.0,0.0,0.333333333333,0.0,0.0,0.0,0.0,0.0,
0.0,0.0,0.0,0.0,0.5,0.5,0.0,0.0,0.0,0.0,0.0,0.0,0.0,0.0,0.0,0.0,
0.0,0.333333333333,0.0,0.0,0.0,0.166666666667,0.0,0.0,0.0,0.166666666667,0.0,0.333333333333,0.0,0.0,0.0,0.0,
0.0,0.0,0.2,0.0,0.0,0.0,0.0,0.0,0.0,0.0,0.0,0.0,0.4,0.0,0.2,0.2,
0.0,0.0,0.0,0.0,0.0,0.0,0.0,0.0,0.0,0.0,0.5,0.0,0.0,0.5,0.0,0.0,
0.0,0.0,0.5,0.0,0.0,0.0,0.0,0.0,0.0,0.0,0.0,0.0,0.5,0.0,0.0,0.0,
0.0,1.0,0.0,0.0,0.0,0.0,0.0,0.0,0.0,0.0,0.0,0.0,0.0,0.0,0.0,0.0,
0.0,0.0,0.0,0.0,0.0,0.0,0.0,0.0,0.0,0.0,0.0,1.0,0.0,0.0,0.0,0.0,
Map:
index1-->2,:5
index1-->2,middle0-->2,:1
index2-->1,middle0-->1,:6
index1-->2,middle1-->2,:13
index1-->2,middle1-->0,:7
index2-->1,:0
middle0-->2,:11
middle0-->1,:9
middle2-->1,:2
middle2-->0,:15
index2-->1,middle2-->1,:12
middle1-->0,:10
middle1-->2,:3
index2-->1,middle2-->0,:14
index1-->2,middle0-->1,:8
index2-->1,middle1-->0,:4
n_states:
10
