Start:
0.5,0.0,0.0,0.0,0.5,0.0,0.0,0.0,0.0,0.0,0.0,0.0,0.0,0.0,0.0,0.0,0.0,0.0,
Transition:
0.0,0.76,0.0,0.04,0.0,0.0,0.0,0.04,0.04,0.04,0.0,0.04,0.0,0.0,0.0,0.0,0.04,0.0,
0.0434782608696,0.0,0.173913043478,0.434782608696,0.0434782608696,0.0,0.0,0.0,0.130434782609,0.0,0.0,0.0434782608696,0.0,0.0,0.0434782608696,0.0869565217391,0.0,0.0,
0.722222222222,0.0,0.0555555555556,0.166666666667,0.0,0.0,0.0,0.0,0.0,0.0,0.0555555555556,0.0,0.0,0.0,0.0,0.0,0.0,0.0,
0.0625,0.0625,0.0,0.0,0.6875,0.0625,0.0625,0.0625,0.0,0.0,0.0,0.0,0.0,0.0,0.0,0.0,0.0,0.0,
0.0,0.0,0.0,0.0,0.0,0.652173913043,0.195652173913,0.0869565217391,0.0,0.0,0.0,0.0,0.0,0.0434782608696,0.0,0.0217391304348,0.0,0.0,
0.0,0.0,0.0232558139535,0.0,0.209302325581,0.0232558139535,0.372093023256,0.302325581395,0.0,0.0,0.0232558139535,0.0,0.0232558139535,0.0,0.0,0.0,0.0232558139535,0.0,
0.0,0.0,0.0,0.0,0.484848484848,0.242424242424,0.0909090909091,0.121212121212,0.0,0.030303030303,0.0,0.0,0.0,0.0,0.0,0.0,0.030303030303,0.0,
0.190476190476,0.238095238095,0.428571428571,0.047619047619,0.0,0.047619047619,0.0,0.0,0.0,0.047619047619,0.0,0.0,0.0,0.0,0.0,0.0,0.0,0.0,
0.0,0.0,0.0,0.0,0.25,0.25,0.5,0.0,0.0,0.0,0.0,0.0,0.0,0.0,0.0,0.0,0.0,0.0,
0.333333333333,0.0,0.0,0.333333333333,0.0,0.0,0.333333333333,0.0,0.0,0.0,0.0,0.0,0.0,0.0,0.0,0.0,0.0,0.0,
0.0,0.0,0.0,0.5,0.5,0.0,0.0,0.0,0.0,0.0,0.0,0.0,0.0,0.0,0.0,0.0,0.0,0.0,
0.0,0.0,0.0,0.0,0.333333333333,0.333333333333,0.333333333333,0.0,0.0,0.0,0.0,0.0,0.0,0.0,0.0,0.0,0.0,0.0,
0.0,0.0,0.0,0.0,0.0,0.0,0.0,0.0,0.0,0.0,0.0,1.0,0.0,0.0,0.0,0.0,0.0,0.0,
0.0,1.0,0.0,0.0,0.0,0.0,0.0,0.0,0.0,0.0,0.0,0.0,0.0,0.0,0.0,0.0,0.0,0.0,
0.0,0.0,0.0,0.0,1.0,0.0,0.0,0.0,0.0,0.0,0.0,0.0,0.0,0.0,0.0,0.0,0.0,0.0,
0.0,0.0,0.666666666667,0.0,0.0,0.333333333333,0.0,0.0,0.0,0.0,0.0,0.0,0.0,0.0,0.0,0.0,0.0,0.0,
0.0,0.0,0.0,0.0,0.5,0.0,0.0,0.0,0.0,0.0,0.0,0.0,0.0,0.0,0.0,0.0,0.0,0.5,
0.0,0.0,1.0,0.0,0.0,0.0,0.0,0.0,0.0,0.0,0.0,0.0,0.0,0.0,0.0,0.0,0.0,0.0,
Map:
Nocontact,+yaworientation:3
Opening,+yaworientation:10
Closing,+rollorientation:16
rotation,C:2
rotation,NC:6
Contact,+pitchorientation:13
Nocontact,+rollorientation:8
stop,NC:4
Contact,+rollorientation:17
Contact,Randomorientation:12
Closing,+yaworientation:9
movement,C:1
Nocontact,+pitchorientation:14
Nocontact,Randomorientation:11
movement,NC:5
stop,C:0
Contact,+yaworientation:7
Opening,+pitchorientation:15
n_states:
25
