Start:
0.551724137931,0.0,0.0,0.0,0.0,0.0,0.0,0.0,0.0,0.448275862069,0.0,0.0,0.0,0.0,0.0,0.0,0.0,0.0,
Transition:
0.037037037037,0.62962962963,0.0740740740741,0.0,0.148148148148,0.0,0.037037037037,0.037037037037,0.0,0.0,0.0,0.0,0.0,0.0,0.0,0.0,0.0,0.037037037037,
0.285714285714,0.0,0.0714285714286,0.142857142857,0.5,0.0,0.0,0.0,0.0,0.0,0.0,0.0,0.0,0.0,0.0,0.0,0.0,0.0,
0.25,0.5,0.0,0.25,0.0,0.0,0.0,0.0,0.0,0.0,0.0,0.0,0.0,0.0,0.0,0.0,0.0,0.0,
0.333333333333,0.0,0.0,0.0,0.333333333333,0.0,0.0,0.0,0.0,0.0,0.333333333333,0.0,0.0,0.0,0.0,0.0,0.0,0.0,
0.4,0.3,0.0,0.05,0.05,0.1,0.0,0.0,0.0,0.0,0.0,0.1,0.0,0.0,0.0,0.0,0.0,0.0,
0.5,0.0,0.0,0.0,0.0,0.0,0.5,0.0,0.0,0.0,0.0,0.0,0.0,0.0,0.0,0.0,0.0,0.0,
0.0,0.0,0.0,0.0,0.5,0.0,0.0,0.0,0.0,0.5,0.0,0.0,0.0,0.0,0.0,0.0,0.0,0.0,
0.0,0.0,0.0,0.0,0.0,0.0,0.0,0.0,1.0,0.0,0.0,0.0,0.0,0.0,0.0,0.0,0.0,0.0,
0.05,0.0,0.0,0.05,0.0,0.0,0.0,0.0,0.0,0.45,0.25,0.0,0.05,0.05,0.1,0.0,0.0,0.0,
0.0,0.0833333333333,0.0,0.0416666666667,0.0,0.0,0.0,0.0,0.708333333333,0.0,0.125,0.0,0.0,0.0416666666667,0.0,0.0,0.0,0.0,
0.111111111111,0.222222222222,0.0,0.111111111111,0.222222222222,0.0,0.0,0.0,0.222222222222,0.111111111111,0.0,0.0,0.0,0.0,0.0,0.0,0.0,0.0,
0.0,0.0,0.0,0.0,0.0,0.0,0.0,0.0,0.0,0.0,0.5,0.0,0.5,0.0,0.0,0.0,0.0,0.0,
0.0,0.0,0.0,0.0,1.0,0.0,0.0,0.0,0.0,0.0,0.0,0.0,0.0,0.0,0.0,0.0,0.0,0.0,
0.5,0.5,0.0,0.0,0.0,0.0,0.0,0.0,0.0,0.0,0.0,0.0,0.0,0.0,0.0,0.0,0.0,0.0,
0.0,0.0,0.0,0.0,0.0,0.0,0.0,0.0,0.0,0.0,0.5,0.0,0.0,0.0,0.0,0.5,0.0,0.0,
0.0,0.0,0.0,0.0,0.5,0.0,0.0,0.0,0.0,0.0,0.0,0.0,0.0,0.0,0.0,0.0,0.5,0.0,
0.0,0.0,0.0,0.0,1.0,0.0,0.0,0.0,0.0,0.0,0.0,0.0,0.0,0.0,0.0,0.0,0.0,0.0,
0.0,0.0,0.0,0.0,0.0,0.0,0.0,0.0,0.0,0.0,0.0,0.0,0.0,0.0,0.0,1.0,0.0,0.0,
Map:
stop,C:9
Nocontact,+yaworientation:10
Nocontact,-pitchorientation:6
Closing,+yaworientation:2
Contact,+pitchorientation:11
Nocontact,+pitchorientation:12
movement,C:8
Contact,Randomorientation:7
rotation,NC:4
stop,NC:0
Contact,-pitchorientation:5
Nocontact,Randomorientation:13
movement,NC:1
Opening,+yaworientation:3
Opening,-rollorientation:16
Nocontact,-rollorientation:15
rotation,C:14
Contact,-rollorientation:17
n_states:
6
