Start:
0.137931034483,0.103448275862,0.172413793103,0.344827586207,0.0,0.137931034483,0.0,0.0689655172414,0.0344827586207,
Transition:
0.0,0.0,0.0,0.0,0.0,0.0,0.0,0.0,0.0,
0.0,0.0,0.2,0.8,0.0,0.0,0.0,0.0,0.0,
0.0,0.0,0.0,0.666666666667,0.0,0.333333333333,0.0,0.0,0.0,
0.0,0.2,0.2,0.3,0.1,0.0,0.0,0.2,0.0,
0.0,0.0,0.5,0.5,0.0,0.0,0.0,0.0,0.0,
0.0,0.0,0.0,0.5,0.166666666667,0.0,0.166666666667,0.166666666667,0.0,
0.0,0.0,0.0,0.0,0.0,0.0,0.0,0.0,0.0,
0.0,0.0,0.0,1.0,0.0,0.0,0.0,0.0,0.0,
0.0,0.0,0.0,0.0,0.0,0.0,0.0,0.0,0.0,
Map:
-rollorientation:2
Randomorientation:4
+rollorientation:7
+yaworientationlong:0
-pitchorientation:1
-rollorientationlong:8
+pitchorientation:5
-yaworientation:6
+yaworientation:3
n_states:
2
