0.000568151473999:-0.0785951279995,0.38443913827,0.0958187564133,0.391701871929,0.0891725313151,0.162642497919,0.901202253859
0.000776052474976:-0.0785951279995,0.38443913827,0.0958187564133,0.391701871929,0.0891725313151,0.162642497919,0.901202253859
0.000473022460938:-0.0785951279995,0.38443913827,0.0958187564133,0.391701871929,0.0891725313151,0.162642497919,0.901202253859
0.00117802619934:-0.0785951279995,0.38443913827,0.0958187564133,0.391701871929,0.0891725313151,0.162642497919,0.901202253859
0.0206139087677:-0.074957244996,0.379514383988,0.0927531608019,0.391701871929,0.0891725313151,0.162642497919,0.901202253859
0.0223820209503:-0.074957244996,0.379514383988,0.0927531608019,0.392446278641,0.0877293650012,0.145966695918,0.903871600118
0.0230541229248:-0.074957244996,0.379514383988,0.0927531608019,0.392446278641,0.0877293650012,0.145966695918,0.903871600118
0.474238157272:-0.0600612749042,0.37125176853,0.0801058493446,0.393119678363,0.0918985415001,0.135447263715,0.904801748237
0.776040077209:-0.0101426514047,0.349670771028,0.0485174183084,0.405308510981,0.0895170683743,0.124215446309,0.901266897149
0.924217939377:-0.0101426514047,0.349670771028,0.0485174183084,0.405308510981,0.0895170683743,0.124215446309,0.901266897149
0.925245046616:0.0549303915571,0.334188681776,0.024715537541,0.405308510981,0.0895170683743,0.124215446309,0.901266897149
0.92581486702:0.0549303915571,0.334188681776,0.024715537541,0.415918494136,0.0848842038648,0.119775966869,0.897474720766
1.07464599609:0.0549303915571,0.334188681776,0.024715537541,0.415918494136,0.0848842038648,0.119775966869,0.897474720766
1.07558989525:0.116415545548,0.330389169546,0.00444526727075,0.415918494136,0.0848842038648,0.119775966869,0.897474720766
1.52698898315:0.167707505863,0.330832012121,-0.0160180531926,0.415918494136,0.0848842038648,0.119775966869,0.897474720766
1.52764105797:0.167707505863,0.330832012121,-0.0160180531926,0.415918494136,0.0848842038648,0.119775966869,0.897474720766
1.53012299538:0.169777301781,0.339096304121,0.00325777597266,0.575031775252,0.0890968823898,0.0973740313276,0.807415285742
1.53122901917:0.169777301781,0.339096304121,0.00325777597266,0.575031775252,0.0890968823898,0.0973740313276,0.807415285742
1.82833003998:0.166500374045,0.34028225042,0.00731183002672,0.575031775252,0.0890968823898,0.0973740313276,0.807415285742
1.829226017:0.160158805113,0.341958857373,0.0455357682507,0.575031775252,0.0890968823898,0.0973740313276,0.807415285742
1.82994794846:0.160158805113,0.341958857373,0.0455357682507,0.575031775252,0.0890968823898,0.0973740313276,0.807415285742
1.97853708267:0.160158805113,0.341958857373,0.0455357682507,0.575031775252,0.0890968823898,0.0973740313276,0.807415285742
1.97919106483:0.160158805113,0.341958857373,0.0455357682507,0.575031775252,0.0890968823898,0.0973740313276,0.807415285742
1.9805829525:0.154125701412,0.340894479948,0.11387553659,0.575031775252,0.0890968823898,0.0973740313276,0.807415285742
2.13125801086:0.15251070209,0.338647076968,0.180477853193,0.575031775252,0.0890968823898,0.0973740313276,0.807415285742
2.13202404976:0.15251070209,0.338647076968,0.180477853193,0.575031775252,0.0890968823898,0.0973740313276,0.807415285742
2.27887797356:0.155560610003,0.332803743525,0.240892869546,0.599873289084,0.0178413770074,0.118878989048,0.791012692117
2.27943515778:0.155560610003,0.332803743525,0.240892869546,0.599873289084,0.0178413770074,0.118878989048,0.791012692117
2.28049015999:0.155560610003,0.332803743525,0.240892869546,0.599873289084,0.0178413770074,0.118878989048,0.791012692117
2.28128314018:0.155560610003,0.332803743525,0.240892869546,0.599873289084,0.0178413770074,0.118878989048,0.791012692117
2.2821791172:0.155560610003,0.332803743525,0.240892869546,0.599873289084,0.0178413770074,0.118878989048,0.791012692117
3.03303289413:0.156339348862,0.343596278491,0.272263525917,0.599873289084,0.0178413770074,0.118878989048,0.791012692117
3.03381204605:0.156339348862,0.343596278491,0.272263525917,0.599873289084,0.0178413770074,0.118878989048,0.791012692117
3.03581595421:0.17651824861,0.350275536802,0.29060834634,0.584038753221,-0.0139148611899,0.234453409599,0.777004986103
3.03826403618:0.17651824861,0.350275536802,0.29060834634,0.584038753221,-0.0139148611899,0.234453409599,0.777004986103
3.18283605576:0.17651824861,0.350275536802,0.29060834634,0.584038753221,-0.0139148611899,0.234453409599,0.777004986103
3.18402194977:0.17651824861,0.350275536802,0.29060834634,0.584038753221,-0.0139148611899,0.234453409599,0.777004986103
3.18578696251:0.17651824861,0.350275536802,0.29060834634,0.584038753221,-0.0139148611899,0.234453409599,0.777004986103
3.18679404259:0.17651824861,0.350275536802,0.29060834634,0.584038753221,-0.0139148611899,0.234453409599,0.777004986103
3.33324098587:0.17651824861,0.350275536802,0.29060834634,0.584038753221,-0.0139148611899,0.234453409599,0.777004986103
3.33466410637:0.331126048405,0.324223306459,0.297240706094,0.583235168389,-0.015113053602,0.236197159952,0.777058550477
3.78726887703:0.49946081029,0.300694779989,0.297819856673,0.583235168389,-0.015113053602,0.236197159952,0.777058550477
3.9350540638:0.49946081029,0.300694779989,0.297819856673,0.572831222422,0.00204411950388,0.286051285099,0.768138046237
4.38677787781:0.502613228275,0.307021199609,0.293939621045,0.572831222422,0.00204411950388,0.286051285099,0.768138046237
4.38789367676:0.502613228275,0.307021199609,0.293939621045,0.572831222422,0.00204411950388,0.286051285099,0.768138046237
4.38861989975:0.503574960551,0.306774408911,0.294808346914,0.572831222422,0.00204411950388,0.286051285099,0.768138046237
4.68935489655:0.505534789003,0.304151891633,0.294229196335,0.572831222422,0.00204411950388,0.286051285099,0.768138046237
4.68990707397:0.505534789003,0.304151891633,0.294229196335,0.572831222422,0.00204411950388,0.286051285099,0.768138046237
4.98862314224:0.50251445244,0.308704409127,0.286442085497,0.559541090067,0.0290729269411,0.30845580844,0.768715805774
5.29274177551:0.506033966485,0.307511607184,0.283938728059,0.565859636928,0.021654200353,0.307646257087,0.764648915279
5.44310283661:0.505918829027,0.306102600227,0.275250916928,0.566264906573,0.0226327027808,0.305759795048,0.765077486964
5.89308071136:0.504816989176,0.302087631251,0.23543584937,0.562661711721,0.0229053176213,0.306230307332,0.767535448919
5.89371585846:0.504816989176,0.302087631251,0.23543584937,0.562661711721,0.0229053176213,0.306230307332,0.767535448919
5.89477491379:0.502094829291,0.298497664176,0.2012659652,0.562661711721,0.0229053176213,0.306230307332,0.767535448919
6.04635906219:0.499647118555,0.293506356075,0.155320019254,0.562661711721,0.0229053176213,0.306230307332,0.767535448919
6.04668998718:0.499647118555,0.293506356075,0.155320019254,0.562661711721,0.0229053176213,0.306230307332,0.767535448919
6.0473279953:0.499647118555,0.293506356075,0.155320019254,0.562661711721,0.0229053176213,0.306230307332,0.767535448919
6.34659576416:0.501754602489,0.289424589887,0.0562774044156,0.561716670389,0.0349020829927,0.286086962448,0.775506775734
6.34752893448:0.501754602489,0.289424589887,0.0562774044156,0.561716670389,0.0349020829927,0.286086962448,0.775506775734
7.09714126587:0.505454639045,0.282789529074,0.0162215431893,0.563365028547,0.08218709179,0.205439339839,0.796027158361
7.09771299362:0.505454639045,0.282789529074,0.0162215431893,0.563365028547,0.08218709179,0.205439339839,0.796027158361
7.09840488434:0.505454639045,0.282789529074,0.0162215431893,0.563365028547,0.08218709179,0.205439339839,0.796027158361
7.24892902374:0.504270292377,0.283635437137,0.0174865232896,0.565462269166,0.0824956274355,0.215264541039,0.791901712557
7.2495598793:0.504270292377,0.283635437137,0.0174865232896,0.565462269166,0.0824956274355,0.215264541039,0.791901712557
7.25002479553:0.504270292377,0.283635437137,0.0174865232896,0.565462269166,0.0824956274355,0.215264541039,0.791901712557
7.25039482117:0.504270292377,0.283635437137,0.0174865232896,0.565462269166,0.0824956274355,0.215264541039,0.791901712557
7.84975385666:0.482284683418,0.28231913058,0.0176742430773,0.563661468188,0.0866830374695,0.215380808428,0.792706170236
7.85044670105:0.482284683418,0.28231913058,0.0176742430773,0.563661468188,0.0866830374695,0.215380808428,0.792706170236
7.85178470612:0.482284683418,0.28231913058,0.0176742430773,0.563661468188,0.0866830374695,0.215380808428,0.792706170236
8.30230140686:0.274674946342,0.293793417484,0.0507823511854,0.563661468188,0.0866830374695,0.215380808428,0.792706170236
8.30280685425:0.274674946342,0.293793417484,0.0507823511854,0.563661468188,0.0866830374695,0.215380808428,0.792706170236
8.30325317383:0.274674946342,0.293793417484,0.0507823511854,0.563661468188,0.0866830374695,0.215380808428,0.792706170236
8.30439281464:0.274674946342,0.293793417484,0.0507823511854,0.563661468188,0.0866830374695,0.215380808428,0.792706170236
8.45255184174:0.262604124172,0.289243465193,0.0328743398572,0.532484216012,0.12593878858,0.15935799176,0.821708722774
