Start:
1.0,0.0,0.0,0.0,0.0,0.0,0.0,0.0,0.0,0.0,0.0,0.0,0.0,0.0,0.0,
Transition:
0.0,0.684210526316,0.0701754385965,0.0175438596491,0.0877192982456,0.0877192982456,0.0175438596491,0.0,0.0,0.0175438596491,0.0,0.0,0.0,0.0175438596491,0.0,
0.291666666667,0.0208333333333,0.104166666667,0.125,0.125,0.270833333333,0.0,0.0,0.0,0.0208333333333,0.0208333333333,0.0,0.0,0.0,0.0208333333333,
0.35,0.2,0.0,0.1,0.25,0.0,0.0,0.05,0.0,0.0,0.05,0.0,0.0,0.0,0.0,
0.1875,0.0625,0.5,0.0,0.125,0.0625,0.0,0.0,0.0,0.0,0.0625,0.0,0.0,0.0,0.0,
0.0625,0.1875,0.0625,0.0625,0.0,0.0,0.0625,0.0625,0.1875,0.0,0.3125,0.0,0.0,0.0,0.0,
0.5,0.05,0.15,0.15,0.05,0.05,0.0,0.0,0.0,0.0,0.0,0.0,0.05,0.0,0.0,
0.0,0.0,0.0,0.0,0.0,0.0,0.0,0.333333333333,0.333333333333,0.0,0.333333333333,0.0,0.0,0.0,0.0,
0.0,0.0,0.0,0.0,0.5,0.0,0.0,0.0,0.5,0.0,0.0,0.0,0.0,0.0,0.0,
0.0,0.0,0.0,0.4,0.0,0.0,0.0,0.0,0.0,0.0,0.6,0.0,0.0,0.0,0.0,
0.0,0.0,0.0,0.0,0.0,0.0,1.0,0.0,0.0,0.0,0.0,0.0,0.0,0.0,0.0,
0.0,0.0,0.0,0.222222222222,0.0,0.0,0.444444444444,0.222222222222,0.0,0.0,0.0,0.111111111111,0.0,0.0,0.0,
0.0,0.0,0.0,0.0,0.0,0.0,0.0,0.0,0.0,0.0,0.0,0.0,0.0,0.0,0.0,
0.0,0.0,0.0,0.0,0.0,0.0,0.0,0.0,0.0,0.0,0.0,0.0,0.0,0.0,0.0,
0.0,1.0,0.0,0.0,0.0,0.0,0.0,0.0,0.0,0.0,0.0,0.0,0.0,0.0,0.0,
0.0,0.0,0.0,0.0,0.0,1.0,0.0,0.0,0.0,0.0,0.0,0.0,0.0,0.0,0.0,
Map:
Nocontact,+yaworientation:7
Opening,-pitchorientation:13
stop,C:10
rotation,C:6
Closing,+yaworientation:2
Contact,+pitchorientation:9
Nocontact,+rollorientation:11
movement,C:8
Closing,-pitchorientation:14
Opening,+rollorientation:12
rotation,NC:5
stop,NC:0
movement,NC:1
Opening,+yaworientation:3
Contact,+yaworientation:4
n_states:
7
