Start:
1.0,0.0,0.0,0.0,0.0,0.0,0.0,0.0,0.0,
Transition:
0.0,0.37037037037,0.425925925926,0.0555555555556,0.12962962963,0.0,0.0185185185185,0.0,0.0,
0.692307692308,0.0,0.115384615385,0.192307692308,0.0,0.0,0.0,0.0,0.0,
0.863636363636,0.0,0.0,0.0,0.0,0.136363636364,0.0,0.0,0.0,
0.181818181818,0.545454545455,0.0,0.0,0.0909090909091,0.0,0.181818181818,0.0,0.0,
0.5,0.0,0.0,0.375,0.0,0.0,0.0,0.0,0.125,
0.2,0.0,0.4,0.0,0.0,0.0,0.0,0.4,0.0,
0.0,0.0,0.333333333333,0.0,0.0,0.666666666667,0.0,0.0,0.0,
1.0,0.0,0.0,0.0,0.0,0.0,0.0,0.0,0.0,
1.0,0.0,0.0,0.0,0.0,0.0,0.0,0.0,0.0,
Map:
Pos,Stop,Stop:4
Pos,Stop,Pos:6
Neg,Stop,Stop:7
Neg,Stop,Pos:5
Stop,Stop,Pos:2
Stop,Stop,Neg:1
Pos,Neg,Stop:8
Pos,Stop,Neg:3
Stop,Stop,Stop:0
n_states:
5
