0.000219821929932:0.00293047080564,0.159066896167,0.0993504594317,0.280593864746,-0.284082805429,-0.648472553137,0.648112292594
9.91821289062e-05:0.00293047080564,0.159066896167,0.0993504594317,0.280593864746,-0.284082805429,-0.648472553137,0.648112292594
0.000195980072021:0.00293047080564,0.159066896167,0.0993504594317,0.280593864746,-0.284082805429,-0.648472553137,0.648112292594
0.000311136245728:0.00293047080564,0.159066896167,0.0993504594317,0.280593864746,-0.284082805429,-0.648472553137,0.648112292594
0.0387799739838:0.00293047080564,0.159066896167,0.0993504594317,0.280593864746,-0.284082805429,-0.648472553137,0.648112292594
0.942535877228:0.0365970097696,0.160967476817,0.0696150974769,0.277437133849,-0.341451824696,-0.707813966045,0.552664768738
0.942695856094:0.0365970097696,0.160967476817,0.0696150974769,0.277437133849,-0.341451824696,-0.707813966045,0.552664768738
0.942849874496:0.0365970097696,0.160967476817,0.0696150974769,0.277437133849,-0.341451824696,-0.707813966045,0.552664768738
0.942995071411:0.0589871916144,0.164818654424,0.0222136637852,0.277437133849,-0.341451824696,-0.707813966045,0.552664768738
1.09377503395:0.0627469446488,0.156583423346,0.0136115132475,0.277437133849,-0.341451824696,-0.707813966045,0.552664768738
1.09383702278:0.0627469446488,0.156583423346,0.0136115132475,0.277437133849,-0.341451824696,-0.707813966045,0.552664768738
1.09428787231:0.0627469446488,0.156583423346,0.0136115132475,0.277437133849,-0.341451824696,-0.707813966045,0.552664768738
1.39469385147:0.00764886327467,0.142929750392,0.00591891603669,-0.169987511198,0.272776760905,0.813265088276,-0.485073035413
1.39484786987:-0.0386439200065,0.166833954345,0.0167940923938,-0.169987511198,0.272776760905,0.813265088276,-0.485073035413
1.54570102692:-0.0386439200065,0.166833954345,0.0167940923938,-0.175315541351,0.13048467915,0.872236306116,-0.43754222648
1.54591107368:-0.0386439200065,0.166833954345,0.0167940923938,-0.175315541351,0.13048467915,0.872236306116,-0.43754222648
1.54604387283:-0.0724196636807,0.184663149301,0.0662564579852,-0.175315541351,0.13048467915,0.872236306116,-0.43754222648
1.99626016617:-0.0831837116144,0.194521043507,0.0974392536842,-0.175315541351,0.13048467915,0.872236306116,-0.43754222648
1.99663901329:-0.0824662339314,0.195105199945,0.102546780566,-0.175315541351,0.13048467915,0.872236306116,-0.43754222648
1.99649405479:-0.0824662339314,0.195105199945,0.102546780566,-0.175315541351,0.13048467915,0.872236306116,-0.43754222648
1.99662899971:-0.0824662339314,0.195105199945,0.102546780566,-0.175315541351,0.13048467915,0.872236306116,-0.43754222648
2.14649486542:-0.0824662339314,0.195105199945,0.102546780566,-0.175315541351,0.13048467915,0.872236306116,-0.43754222648
2.14674806595:-0.0821036115489,0.177358764568,0.196548398253,-0.0969953927878,0.640680310451,0.656575305246,-0.38603964904
2.29673695564:-0.0821036115489,0.177358764568,0.196548398253,-0.0969953927878,0.640680310451,0.656575305246,-0.38603964904
2.29693698883:-0.0821036115489,0.177358764568,0.196548398253,-0.0969953927878,0.640680310451,0.656575305246,-0.38603964904
2.29705691338:-0.0821036115489,0.177358764568,0.196548398253,-0.0969953927878,0.640680310451,0.656575305246,-0.38603964904
2.44745397568:-0.0760941890271,0.176158945906,0.192068111515,-0.0969953927878,0.640680310451,0.656575305246,-0.38603964904
2.44785785675:-0.0760941890271,0.176158945906,0.192068111515,-0.0969953927878,0.640680310451,0.656575305246,-0.38603964904
2.44793486595:-0.0760941890271,0.176158945906,0.192068111515,-0.0969953927878,0.640680310451,0.656575305246,-0.38603964904
2.74862599373:-0.0306065123147,0.165357407143,0.0857257644921,-0.0819399025683,0.621696495001,0.682987554112,-0.374584152765
2.74898004532:-0.0306065123147,0.165357407143,0.0857257644921,-0.0819399025683,0.621696495001,0.682987554112,-0.374584152765
2.74906802177:-0.0147963320268,0.176489469934,0.0515923513965,-0.0819399025683,0.621696495001,0.682987554112,-0.374584152765
2.74926805496:-0.0147963320268,0.176489469934,0.0515923513965,-0.0677087229259,0.583958811655,0.731356054994,-0.345724359883
2.74959087372:-0.0147963320268,0.176489469934,0.0515923513965,-0.0677087229259,0.583958811655,0.731356054994,-0.345724359883
3.2000439167:-0.003488443681,0.185495437125,0.0444238926151,-0.0677087229259,0.583958811655,0.731356054994,-0.345724359883
3.20028400421:-0.0358399746998,0.196729876869,0.0295287657395,-0.0677087229259,0.583958811655,0.731356054994,-0.345724359883
3.20022392273:-0.0358399746998,0.196729876869,0.0295287657395,-0.0880975805566,0.292264887789,0.900697592405,-0.309138818183
3.20041799545:-0.0358399746998,0.196729876869,0.0295287657395,-0.0880975805566,0.292264887789,0.900697592405,-0.309138818183
3.20054507256:-0.0358399746998,0.196729876869,0.0295287657395,-0.0880975805566,0.292264887789,0.900697592405,-0.309138818183
3.35104584694:-0.0358399746998,0.196729876869,0.0295287657395,-0.0880975805566,0.292264887789,0.900697592405,-0.309138818183
3.35122084618:-0.0358399746998,0.196729876869,0.0295287657395,-0.0880975805566,0.292264887789,0.900697592405,-0.309138818183
3.35139393806:-0.0358399746998,0.196729876869,0.0295287657395,-0.0880975805566,0.292264887789,0.900697592405,-0.309138818183
3.65277194977:-0.1415084947,0.208134793425,0.113489339216,-0.0880975805566,0.292264887789,0.900697592405,-0.309138818183
3.65300893784:-0.1415084947,0.208134793425,0.113489339216,-0.0880975805566,0.292264887789,0.900697592405,-0.309138818183
3.95379900932:-0.120694394956,0.19334604933,0.132518016935,-0.142490524556,0.387021967095,0.841812534537,-0.348227684941
3.95395588875:-0.120694394956,0.19334604933,0.132518016935,-0.142490524556,0.387021967095,0.841812534537,-0.348227684941
3.95403790474:-0.120694394956,0.19334604933,0.132518016935,-0.142490524556,0.387021967095,0.841812534537,-0.348227684941
4.10412597656:-0.120694394956,0.19334604933,0.132518016935,-0.142490524556,0.387021967095,0.841812534537,-0.348227684941
4.10421276093:-0.120694394956,0.19334604933,0.132518016935,-0.142490524556,0.387021967095,0.841812534537,-0.348227684941
4.10451889038:-0.120694394956,0.19334604933,0.132518016935,-0.142490524556,0.387021967095,0.841812534537,-0.348227684941
4.10467815399:-0.120694394956,0.19334604933,0.132518016935,-0.142490524556,0.387021967095,0.841812534537,-0.348227684941
4.10477685928:-0.120694394956,0.19334604933,0.132518016935,-0.142490524556,0.387021967095,0.841812534537,-0.348227684941
