Start:
1.0,0.0,0.0,0.0,0.0,0.0,0.0,0.0,0.0,0.0,0.0,
Transition:
0.0,0.4,0.0,0.114285714286,0.314285714286,0.0285714285714,0.0857142857143,0.0571428571429,0.0,0.0,0.0,
0.9375,0.0,0.0625,0.0,0.0,0.0,0.0,0.0,0.0,0.0,0.0,
0.5,0.0,0.0,0.5,0.0,0.0,0.0,0.0,0.0,0.0,0.0,
0.0,0.0,0.5,0.0,0.333333333333,0.166666666667,0.0,0.0,0.0,0.0,0.0,
0.333333333333,0.0,0.0,0.0,0.0,0.25,0.0,0.0,0.0,0.416666666667,0.0,
0.6,0.0,0.0,0.0,0.2,0.0,0.2,0.0,0.0,0.0,0.0,
1.0,0.0,0.0,0.0,0.0,0.0,0.0,0.0,0.0,0.0,0.0,
0.0,0.5,0.0,0.0,0.0,0.0,0.0,0.0,0.5,0.0,0.0,
0.0,1.0,0.0,0.0,0.0,0.0,0.0,0.0,0.0,0.0,0.0,
0.6,0.0,0.0,0.0,0.0,0.0,0.0,0.0,0.0,0.0,0.4,
1.0,0.0,0.0,0.0,0.0,0.0,0.0,0.0,0.0,0.0,0.0,
Map:
Stop,Pos,Pos:9
Pos,Stop,Stop:3
Neg,Stop,Stop:6
Neg,Stop,Pos:5
Stop,Stop,Pos:4
Stop,Stop,Neg:1
Stop,Neg,Neg:8
Stop,Neg,Stop:7
Pos,Stop,Neg:2
Stop,Pos,Stop:10
Stop,Stop,Stop:0
n_states:
4
