Start:
0.1,0.0,0.0,0.0,0.0,0.0,0.0,0.9,0.0,0.0,0.0,0.0,0.0,0.0,0.0,0.0,0.0,0.0,0.0,
Transition:
0.0,0.333333333333,0.166666666667,0.0,0.166666666667,0.0,0.166666666667,0.0,0.0,0.0,0.0,0.0,0.0,0.0,0.0,0.166666666667,0.0,0.0,0.0,
0.25,0.0,0.25,0.0,0.0,0.0,0.5,0.0,0.0,0.0,0.0,0.0,0.0,0.0,0.0,0.0,0.0,0.0,0.0,
0.0,0.0,0.0,0.666666666667,0.0,0.0,0.0,0.0,0.0,0.0,0.0,0.0,0.0,0.0,0.0,0.0,0.0,0.0,0.333333333333,
0.0,0.0,0.0,0.0,0.408163265306,0.0408163265306,0.0,0.367346938776,0.0,0.0,0.0816326530612,0.0204081632653,0.0612244897959,0.0,0.0,0.0,0.0,0.0204081632653,0.0,
0.0,0.0,0.0,0.194444444444,0.166666666667,0.0555555555556,0.0,0.5,0.0,0.0277777777778,0.0277777777778,0.0,0.0,0.0,0.0,0.0,0.0277777777778,0.0,0.0,
0.25,0.25,0.0,0.0,0.0,0.0,0.25,0.0,0.0,0.0,0.0,0.0,0.0,0.25,0.0,0.0,0.0,0.0,0.0,
0.25,0.0,0.0,0.25,0.25,0.0,0.0,0.25,0.0,0.0,0.0,0.0,0.0,0.0,0.0,0.0,0.0,0.0,0.0,
0.0,0.0196078431373,0.0196078431373,0.725490196078,0.156862745098,0.0,0.0,0.0196078431373,0.0196078431373,0.0,0.0196078431373,0.0,0.0196078431373,0.0,0.0,0.0,0.0,0.0,0.0,
0.0,0.0,0.0,1.0,0.0,0.0,0.0,0.0,0.0,0.0,0.0,0.0,0.0,0.0,0.0,0.0,0.0,0.0,0.0,
0.0,0.0,0.0,0.0,0.0,0.0,0.0,0.0,0.0,0.0,0.0,0.0,0.0,0.0,0.0,0.0,0.0,0.0,0.0,
0.0,0.0,0.0,0.333333333333,0.166666666667,0.0,0.0,0.5,0.0,0.0,0.0,0.0,0.0,0.0,0.0,0.0,0.0,0.0,0.0,
0.0,0.0,0.0,0.0,0.0,0.0,0.0,0.0,0.0,0.0,0.0,0.0,0.0,0.0,0.0,0.0,0.0,0.0,0.0,
0.0,0.0,0.0,0.0,0.0,0.0,0.0,0.666666666667,0.0,0.0,0.0,0.0,0.0,0.0,0.333333333333,0.0,0.0,0.0,0.0,
1.0,0.0,0.0,0.0,0.0,0.0,0.0,0.0,0.0,0.0,0.0,0.0,0.0,0.0,0.0,0.0,0.0,0.0,0.0,
1.0,0.0,0.0,0.0,0.0,0.0,0.0,0.0,0.0,0.0,0.0,0.0,0.0,0.0,0.0,0.0,0.0,0.0,0.0,
0.0,0.0,0.0,1.0,0.0,0.0,0.0,0.0,0.0,0.0,0.0,0.0,0.0,0.0,0.0,0.0,0.0,0.0,0.0,
0.0,0.0,0.0,0.0,0.0,0.0,0.0,1.0,0.0,0.0,0.0,0.0,0.0,0.0,0.0,0.0,0.0,0.0,0.0,
0.0,0.0,0.0,0.0,0.0,0.0,0.0,1.0,0.0,0.0,0.0,0.0,0.0,0.0,0.0,0.0,0.0,0.0,0.0,
0.0,0.0,0.0,0.0,0.0,0.0,0.0,1.0,0.0,0.0,0.0,0.0,0.0,0.0,0.0,0.0,0.0,0.0,0.0,
Map:
Nocontact,+yaworientation:6
Opening,+yaworientation:9
Closing,-rollorientation:17
rotation,C:13
rotation,NC:4
Contact,+pitchorientation:14
Nocontact,+pitchorientation:15
Opening,Randomorientation:11
stop,NC:7
Contact,Randomorientation:18
Closing,+yaworientation:8
movement,C:1
Nocontact,Randomorientation:2
movement,NC:3
stop,C:0
Opening,-rollorientation:16
Closing,+pitchorientation:10
Contact,+yaworientation:5
Opening,+pitchorientation:12
n_states:
18
