Start:
0.4375,0.03125,0.0,0.1875,0.21875,0.0,0.0,0.03125,0.0,0.0,0.0,0.03125,0.03125,0.0,0.0,0.0,0.03125,0.0,
Transition:
0.169811320755,0.150943396226,0.0754716981132,0.169811320755,0.264150943396,0.0377358490566,0.0188679245283,0.0,0.0,0.0188679245283,0.0188679245283,0.0,0.0188679245283,0.0,0.0,0.0188679245283,0.0,0.0377358490566,
0.133333333333,0.0,0.755555555556,0.0888888888889,0.0222222222222,0.0,0.0,0.0,0.0,0.0,0.0,0.0,0.0,0.0,0.0,0.0,0.0,0.0,
0.046511627907,0.813953488372,0.0232558139535,0.046511627907,0.046511627907,0.0,0.0,0.0,0.0,0.0,0.0,0.0,0.0,0.0,0.0,0.0,0.0232558139535,0.0,
0.5,0.0,0.0769230769231,0.0384615384615,0.269230769231,0.0,0.0,0.0,0.0,0.0384615384615,0.0,0.0,0.0384615384615,0.0384615384615,0.0,0.0,0.0,0.0,
0.541666666667,0.0416666666667,0.0416666666667,0.208333333333,0.0,0.0416666666667,0.0,0.0416666666667,0.0,0.0,0.0,0.0,0.0,0.0,0.0,0.0,0.0,0.0833333333333,
0.0,0.0,0.0,0.0,0.0,0.0,1.0,0.0,0.0,0.0,0.0,0.0,0.0,0.0,0.0,0.0,0.0,0.0,
0.0,0.0,0.0,0.0,0.0,1.0,0.0,0.0,0.0,0.0,0.0,0.0,0.0,0.0,0.0,0.0,0.0,0.0,
0.0,0.0,0.333333333333,0.0,0.0,0.0,0.0,0.0,0.666666666667,0.0,0.0,0.0,0.0,0.0,0.0,0.0,0.0,0.0,
0.5,0.0,0.0,0.0,0.0,0.0,0.0,0.5,0.0,0.0,0.0,0.0,0.0,0.0,0.0,0.0,0.0,0.0,
0.0,0.0,0.0,0.0,0.5,0.0,0.0,0.0,0.0,0.0,0.0,0.5,0.0,0.0,0.0,0.0,0.0,0.0,
1.0,0.0,0.0,0.0,0.0,0.0,0.0,0.0,0.0,0.0,0.0,0.0,0.0,0.0,0.0,0.0,0.0,0.0,
0.0,0.0,0.0,0.0,0.0,0.0,0.0,0.0,0.0,0.0,0.0,0.0,0.0,0.0,1.0,0.0,0.0,0.0,
0.0,0.0,0.0,0.0,0.0,0.0,0.0,0.0,0.0,0.0,0.0,0.0,0.0,1.0,0.0,0.0,0.0,0.0,
0.333333333333,0.0,0.0,0.333333333333,0.333333333333,0.0,0.0,0.0,0.0,0.0,0.0,0.0,0.0,0.0,0.0,0.0,0.0,0.0,
1.0,0.0,0.0,0.0,0.0,0.0,0.0,0.0,0.0,0.0,0.0,0.0,0.0,0.0,0.0,0.0,0.0,0.0,
0.0,0.0,0.0,0.0,0.0,0.0,0.0,0.0,0.0,0.0,0.0,0.0,0.0,0.0,0.0,0.0,0.0,0.0,
0.4,0.0,0.2,0.0,0.0,0.0,0.0,0.0,0.0,0.0,0.0,0.0,0.0,0.0,0.0,0.0,0.0,0.4,
0.0,0.0,0.0,0.0,0.0,0.0,0.0,0.0,0.0,0.0,0.0,0.0,0.0,0.0,0.0,0.0,1.0,0.0,
Map:
Opening,+rollorientation:17
Nocontact,-pitchorientation:15
rotation,C:0
Closing,+yaworientation:1
Closing,Randomorientation:7
Closing,+rollorientation:16
Opening,Randomorientation:8
Nocontact,-yaworientation:9
Contact,+yaworientation:14
Opening,-pitchorientation:12
rotation,NC:11
movement,C:3
stop,C:4
Opening,+yaworientation:2
Closing,+pitchorientation:6
Closing,-pitchorientation:13
Opening,+pitchorientation:5
Opening,-yaworientation:10
n_states:
7
