Start:
0.125,0.0,0.0,0.125,0.0625,0.0,0.21875,0.28125,0.03125,0.125,0.0,0.03125,0.0,0.0,
Transition:
0.0,0.25,0.75,0.0,0.0,0.0,0.0,0.0,0.0,0.0,0.0,0.0,0.0,0.0,
0.0,0.0,0.5,0.0,0.0,0.25,0.0,0.0,0.0,0.25,0.0,0.0,0.0,0.0,
0.0,0.0,0.0,0.35,0.0,0.0,0.3,0.3,0.0,0.05,0.0,0.0,0.0,0.0,
0.0,0.0,0.4,0.0,0.0,0.4,0.0,0.0,0.0,0.0,0.2,0.0,0.0,0.0,
0.0,0.0,0.5,0.0,0.0,0.5,0.0,0.0,0.0,0.0,0.0,0.0,0.0,0.0,
0.0,0.285714285714,0.0,0.285714285714,0.0,0.0,0.0,0.0,0.142857142857,0.285714285714,0.0,0.0,0.0,0.0,
0.0,0.0,0.714285714286,0.0,0.0,0.0,0.0,0.0,0.0,0.142857142857,0.0,0.0,0.142857142857,0.0,
0.0,0.0,0.666666666667,0.0,0.0,0.222222222222,0.0,0.0,0.0,0.0,0.111111111111,0.0,0.0,0.0,
0.0,0.0,0.5,0.0,0.0,0.5,0.0,0.0,0.0,0.0,0.0,0.0,0.0,0.0,
0.0,0.142857142857,0.142857142857,0.285714285714,0.0,0.142857142857,0.0,0.0,0.0,0.0,0.285714285714,0.0,0.0,0.0,
0.0,0.0,0.0,0.333333333333,0.0,0.0,0.0,0.0,0.0,0.666666666667,0.0,0.0,0.0,0.0,
0.0,0.0,1.0,0.0,0.0,0.0,0.0,0.0,0.0,0.0,0.0,0.0,0.0,0.0,
0.0,0.0,0.0,0.0,0.0,0.0,0.0,0.0,0.0,0.0,0.0,0.0,0.0,1.0,
0.0,0.0,0.0,0.0,0.0,0.0,1.0,0.0,0.0,0.0,0.0,0.0,0.0,0.0,
Map:
yaworientationlong:13
+rollorientationlong:4
-yaworientationlong:10
-rollorientation:9
Randomorientation:1
+rollorientation:7
+:12
+yaworientationlong:2
-pitchorientation:6
-pitchorientationlong:11
-rollorientationlong:8
+pitchorientation:3
+yaworientation:5
+pitchorientationlong:0
n_states:
3
