Start:
1.0,0.0,0.0,
0.0,1.0,0.0,
0.571428571429,0.0,0.428571428571,
Transition:
0.0,0.0,0.0,
0.0,0.0,0.0,
0.0,0.0,0.0,
-
0.0,0.264705882353,0.735294117647,
0.886363636364,0.113636363636,0.0,
39.0,5.0,0.0,
-
0.0,1.0,0.0,
0.0,0.0,0.0,
0.0,0.0,0.0,
-
--
0.4,0.0,0.6,
1.0,0.0,0.0,
25.0,0.0,0.0,
-
0.0,0.0,0.0,
0.0,0.0,0.0,
0.0,0.0,0.0,
-
0.0,0.871794871795,0.128205128205,
0.0625,0.0,0.9375,
0.0,0.0,0.0,
-
--
0.446808510638,0.0,0.553191489362,
1.0,0.0,0.0,
5.0,0.0,0.0,
-
0.0,1.0,0.0,
0.266666666667,0.733333333333,0.0,
4.0,11.0,0.0,
-
0.0,0.0,0.0,
0.0,0.0,0.0,
0.0,0.0,0.0,
-
--
Map:
Neg:1
Stop:0
Pos:2
n_states:
11.8928571429
