Start:
0.2,0.433333333333,0.0666666666667,0.0333333333333,0.0,0.0,0.1,0.0333333333333,0.0,0.0,0.0333333333333,0.0,0.0,0.0,0.0,0.0333333333333,0.0666666666667,0.0,0.0,0.0,0.0,0.0,0.0,0.0,
Transition:
0.0,0.0833333333333,0.666666666667,0.0,0.0,0.0833333333333,0.0,0.0,0.0,0.0,0.0,0.0,0.0,0.0,0.0,0.0,0.0,0.0833333333333,0.0833333333333,0.0,0.0,0.0,0.0,0.0,
0.0,0.0,0.0294117647059,0.382352941176,0.0,0.0,0.117647058824,0.235294117647,0.0,0.0,0.0588235294118,0.0882352941176,0.0294117647059,0.0294117647059,0.0,0.0,0.0294117647059,0.0,0.0,0.0,0.0,0.0,0.0,0.0,
0.25,0.0833333333333,0.0,0.0833333333333,0.0,0.25,0.0,0.25,0.0,0.0,0.0,0.0,0.0,0.0,0.0,0.0,0.0,0.0,0.0,0.0,0.0,0.0,0.0,0.0833333333333,
0.0,0.0384615384615,0.0,0.0,0.307692307692,0.153846153846,0.0,0.0,0.0769230769231,0.0769230769231,0.0,0.192307692308,0.0384615384615,0.0769230769231,0.0,0.0,0.0,0.0,0.0,0.0,0.0,0.0384615384615,0.0,0.0,
0.117647058824,0.176470588235,0.0,0.411764705882,0.0,0.176470588235,0.0,0.0,0.0588235294118,0.0,0.0,0.0588235294118,0.0,0.0,0.0,0.0,0.0,0.0,0.0,0.0,0.0,0.0,0.0,0.0,
0.0,0.666666666667,0.333333333333,0.0,0.0,0.0,0.0,0.0,0.0,0.0,0.0,0.0,0.0,0.0,0.0,0.0,0.0,0.0,0.0,0.0,0.0,0.0,0.0,0.0,
0.0,0.0,0.0,0.285714285714,0.428571428571,0.0,0.0,0.0,0.0,0.0,0.0,0.142857142857,0.0,0.0,0.0,0.0,0.0,0.0,0.0,0.0,0.0,0.0,0.142857142857,0.0,
0.0,0.307692307692,0.0,0.0769230769231,0.384615384615,0.0769230769231,0.0,0.0,0.0,0.0,0.0,0.0,0.0,0.0769230769231,0.0769230769231,0.0,0.0,0.0,0.0,0.0,0.0,0.0,0.0,0.0,
0.0,1.0,0.0,0.0,0.0,0.0,0.0,0.0,0.0,0.0,0.0,0.0,0.0,0.0,0.0,0.0,0.0,0.0,0.0,0.0,0.0,0.0,0.0,0.0,
0.0,0.666666666667,0.0,0.0,0.0,0.0,0.0,0.0,0.333333333333,0.0,0.0,0.0,0.0,0.0,0.0,0.0,0.0,0.0,0.0,0.0,0.0,0.0,0.0,0.0,
0.0,0.0,0.0,0.0,0.0,0.0,0.0,0.0,0.666666666667,0.333333333333,0.0,0.0,0.0,0.0,0.0,0.0,0.0,0.0,0.0,0.0,0.0,0.0,0.0,0.0,
0.0909090909091,0.272727272727,0.0,0.363636363636,0.0,0.0909090909091,0.0,0.0909090909091,0.0,0.0,0.0,0.0,0.0,0.0,0.0,0.0,0.0909090909091,0.0,0.0,0.0,0.0,0.0,0.0,0.0,
0.0,1.0,0.0,0.0,0.0,0.0,0.0,0.0,0.0,0.0,0.0,0.0,0.0,0.0,0.0,0.0,0.0,0.0,0.0,0.0,0.0,0.0,0.0,0.0,
0.0,0.0,0.0,0.5,0.5,0.0,0.0,0.0,0.0,0.0,0.0,0.0,0.0,0.0,0.0,0.0,0.0,0.0,0.0,0.0,0.0,0.0,0.0,0.0,
0.0,0.0,0.0,0.0,1.0,0.0,0.0,0.0,0.0,0.0,0.0,0.0,0.0,0.0,0.0,0.0,0.0,0.0,0.0,0.0,0.0,0.0,0.0,0.0,
0.0,0.0,0.0,0.0,0.0,0.0,0.0,0.0,0.0,0.0,0.0,0.0,0.0,0.0,0.0,0.0,1.0,0.0,0.0,0.0,0.0,0.0,0.0,0.0,
0.0,1.0,0.0,0.0,0.0,0.0,0.0,0.0,0.0,0.0,0.0,0.0,0.0,0.0,0.0,0.0,0.0,0.0,0.0,0.0,0.0,0.0,0.0,0.0,
0.0,0.0,1.0,0.0,0.0,0.0,0.0,0.0,0.0,0.0,0.0,0.0,0.0,0.0,0.0,0.0,0.0,0.0,0.0,0.0,0.0,0.0,0.0,0.0,
0.0,0.0,0.0,0.0,0.0,0.0,0.0,0.0,0.0,0.0,0.0,0.0,0.0,0.0,0.0,0.0,0.0,0.0,0.0,1.0,0.0,0.0,0.0,0.0,
0.0,0.0,0.0,0.0,0.0,0.0,0.0,0.0,0.0,0.0,0.0,0.0,0.0,0.0,0.0,0.0,0.0,0.0,0.0,0.0,1.0,0.0,0.0,0.0,
0.0,0.0,0.0,0.0,0.0,0.0,0.0,0.0,0.0,0.0,0.0,0.0,0.0,0.0,0.0,0.0,0.0,0.0,0.0,0.0,0.0,0.0,0.0,0.0,
0.0,0.0,0.0,0.0,0.0,0.0,0.0,0.0,0.0,0.0,0.0,0.0,0.0,0.0,0.0,0.0,0.0,0.0,0.0,0.0,0.0,0.0,0.0,0.0,
0.0,0.0,0.0,1.0,0.0,0.0,0.0,0.0,0.0,0.0,0.0,0.0,0.0,0.0,0.0,0.0,0.0,0.0,0.0,0.0,0.0,0.0,0.0,0.0,
0.0,0.0,0.0,0.0,0.0,0.0,0.0,0.0,0.0,0.0,0.0,1.0,0.0,0.0,0.0,0.0,0.0,0.0,0.0,0.0,0.0,0.0,0.0,0.0,
Map:
ZSt,NC:4
ZSt,C:19
XYMovement,NC:1
+pitchRotation,NC:14
ZNe,NC:6
Contact,-pitchorientation:17
Closing,+pitchorientation:9
ZPo,C:18
Closing,+rollorientation:15
Stoprotat-pitchorientation,NC:5
Opening,-pitchorientation:2
Stoprotat+rollorientation,NC:16
Closing,-pitchorientation:0
ZPo,NC:7
XYStop,NC:3
Opening,+rollorientation:22
Stoprotat+yaworientation,NC:21
Stoprotat-rollorientation,NC:12
Opening,+pitchorientation:10
-yawRotation,NC:11
Stoprotat+pitchorientation,NC:8
+yawRotation,NC:13
Nocontact,-pitchorientation:23
Stoprotat-pitchorientation,C:20
n_states:
6
