Start:
0.333333333333,0.0666666666667,0.1,0.0,0.166666666667,0.0333333333333,0.0666666666667,0.1,0.0,0.133333333333,
Transition:
0.0,1.0,0.0,0.0,0.0,0.0,0.0,0.0,0.0,0.0,
0.0,0.0,0.5,0.5,0.0,0.0,0.0,0.0,0.0,0.0,
0.0,0.0,0.0,0.0,0.0,1.0,0.0,0.0,0.0,0.0,
0.0,0.0,0.0,0.0,0.0,0.0,0.0,0.0,0.0,0.0,
0.0,0.0,0.0,0.0,0.0,0.0,0.0,0.0,0.0,1.0,
0.0,0.0,0.0,1.0,0.0,0.0,0.0,0.0,0.0,0.0,
0.0,0.0,0.0,1.0,0.0,0.0,0.0,0.0,0.0,0.0,
0.0,0.0,0.0,0.0,0.5,0.0,0.0,0.0,0.5,0.0,
0.0,0.0,0.0,0.0,0.0,0.0,0.0,0.0,0.0,0.0,
0.0,0.0,0.0,0.0,0.0,0.0,0.0,0.0,1.0,0.0,
Map:
+rollorientationlong:9
-rollorientation:1
+rollorientation:7
-pitchorientation:4
-pitchorientationlong:0
-rollorientationlong:6
+pitchorientation:3
-yaworientation:5
+yaworientation:8
+pitchorientationlong:2
n_states:
1
