Start:
1.0,0.0,0.0,0.0,0.0,0.0,0.0,0.0,0.0,0.0,0.0,0.0,0.0,0.0,0.0,0.0,0.0,0.0,0.0,0.0,0.0,
Transition:
0.0,0.576923076923,0.0384615384615,0.0192307692308,0.0,0.0,0.153846153846,0.0192307692308,0.0,0.0,0.0769230769231,0.0,0.0192307692308,0.0576923076923,0.0,0.0,0.0,0.0384615384615,0.0,0.0,0.0,
0.305555555556,0.0,0.25,0.0,0.0,0.0833333333333,0.0833333333333,0.0277777777778,0.0,0.0,0.0555555555556,0.0555555555556,0.0555555555556,0.0,0.0,0.0,0.0,0.0,0.0277777777778,0.0277777777778,0.0277777777778,
0.666666666667,0.0,0.0,0.0,0.0,0.0,0.166666666667,0.0,0.0,0.0,0.0,0.0833333333333,0.0,0.0833333333333,0.0,0.0,0.0,0.0,0.0,0.0,0.0,
0.0,0.0,0.0,0.0,1.0,0.0,0.0,0.0,0.0,0.0,0.0,0.0,0.0,0.0,0.0,0.0,0.0,0.0,0.0,0.0,0.0,
0.0,1.0,0.0,0.0,0.0,0.0,0.0,0.0,0.0,0.0,0.0,0.0,0.0,0.0,0.0,0.0,0.0,0.0,0.0,0.0,0.0,
0.0,0.0,0.0,0.0,0.0,0.0,0.0,0.0,0.0,1.0,0.0,0.0,0.0,0.0,0.0,0.0,0.0,0.0,0.0,0.0,0.0,
0.0666666666667,0.0,0.0,0.0,0.0,0.0,0.0,0.866666666667,0.0,0.0,0.0,0.0,0.0,0.0,0.0,0.0,0.0,0.0666666666667,0.0,0.0,0.0,
0.0,0.0,0.0,0.0,0.0,0.0,0.0,0.0,0.8,0.2,0.0,0.0,0.0,0.0,0.0,0.0,0.0,0.0,0.0,0.0,0.0,
0.0,0.0,0.0,0.0,0.0,0.0,0.0,0.0,0.0,0.714285714286,0.0,0.0,0.0,0.0,0.285714285714,0.0,0.0,0.0,0.0,0.0,0.0,
0.0,0.0,0.0,0.0,0.0,0.0,0.0,0.0,0.333333333333,0.0,0.0,0.0,0.0,0.0,0.333333333333,0.0,0.0,0.333333333333,0.0,0.0,0.0,
0.142857142857,0.142857142857,0.0,0.0,0.0,0.0,0.0,0.0,0.0,0.0,0.0,0.714285714286,0.0,0.0,0.0,0.0,0.0,0.0,0.0,0.0,0.0,
0.0,0.0,0.0,0.0,0.0,0.0,0.0,0.0,0.285714285714,0.285714285714,0.0,0.0,0.0,0.0,0.428571428571,0.0,0.0,0.0,0.0,0.0,0.0,
0.2,0.2,0.2,0.0,0.0,0.0,0.0,0.0,0.0,0.0,0.0,0.0,0.0,0.2,0.0,0.2,0.0,0.0,0.0,0.0,0.0,
0.2,0.4,0.0,0.0,0.0,0.0,0.0,0.0,0.0,0.0,0.0,0.0,0.4,0.0,0.0,0.0,0.0,0.0,0.0,0.0,0.0,
0.0,0.0,0.0,0.0,0.0,0.0,0.0,0.0,0.0,1.0,0.0,0.0,0.0,0.0,0.0,0.0,0.0,0.0,0.0,0.0,0.0,
0.0,0.0,0.0,0.0,0.0,0.0,0.0,0.0,0.0,0.0,0.0,0.0,0.0,0.0,0.0,0.0,1.0,0.0,0.0,0.0,0.0,
0.0,0.0,0.0,0.0,0.0,0.0,0.0,0.0,0.0,0.0,0.0,0.0,0.0,1.0,0.0,0.0,0.0,0.0,0.0,0.0,0.0,
0.0,0.333333333333,0.0,0.0,0.0,0.0,0.666666666667,0.0,0.0,0.0,0.0,0.0,0.0,0.0,0.0,0.0,0.0,0.0,0.0,0.0,0.0,
0.0,0.0,0.0,0.0,0.0,0.0,0.0,0.0,0.0,0.0,1.0,0.0,0.0,0.0,0.0,0.0,0.0,0.0,0.0,0.0,0.0,
1.0,0.0,0.0,0.0,0.0,0.0,0.0,0.0,0.0,0.0,0.0,0.0,0.0,0.0,0.0,0.0,0.0,0.0,0.0,0.0,0.0,
0.0,0.0,0.0,0.0,0.0,0.0,0.0,0.0,0.0,1.0,0.0,0.0,0.0,0.0,0.0,0.0,0.0,0.0,0.0,0.0,0.0,
Map:
Nocontact,+yaworientation:16
Opening,+yaworientation:13
Contact,-pitchorientation:20
Closing,+rollorientation:4
rotation,NC:2
Contact,+pitchorientation:7
rotation,C:14
movement,C:8
Closing,-pitchorientation:19
Opening,+rollorientation:3
Closing,-rollorientation:10
stop,NC:0
Contact,+rollorientation:5
Opening,+pitchorientation:17
Closing,+yaworientation:12
movement,NC:1
stop,C:9
Opening,-rollorientation:18
Closing,+pitchorientation:6
Contact,+yaworientation:15
Contact,-rollorientation:11
