Start:
0.92,0.0,0.0,0.0,0.04,0.0,0.0,0.0,0.0,0.0,0.0,0.0,0.0,0.0,0.04,0.0,0.0,0.0,0.0,
Transition:
0.0,0.552631578947,0.0263157894737,0.0263157894737,0.236842105263,0.0263157894737,0.0,0.0526315789474,0.0,0.0,0.0,0.0,0.0263157894737,0.0,0.0,0.0,0.0,0.0263157894737,0.0263157894737,
0.302325581395,0.209302325581,0.139534883721,0.0,0.209302325581,0.0232558139535,0.0232558139535,0.0,0.0,0.0232558139535,0.0232558139535,0.0,0.0232558139535,0.0,0.0,0.0,0.0232558139535,0.0,0.0,
0.0434782608696,0.0869565217391,0.0,0.695652173913,0.173913043478,0.0,0.0,0.0,0.0,0.0,0.0,0.0,0.0,0.0,0.0,0.0,0.0,0.0,0.0,
0.0952380952381,0.047619047619,0.761904761905,0.047619047619,0.047619047619,0.0,0.0,0.0,0.0,0.0,0.0,0.0,0.0,0.0,0.0,0.0,0.0,0.0,0.0,
0.25,0.541666666667,0.0,0.0833333333333,0.0416666666667,0.0,0.0,0.0,0.0,0.0416666666667,0.0,0.0,0.0416666666667,0.0,0.0,0.0,0.0,0.0,0.0,
0.0,0.0,0.0,0.0,0.0,0.0,1.0,0.0,0.0,0.0,0.0,0.0,0.0,0.0,0.0,0.0,0.0,0.0,0.0,
0.0,0.0,0.0,0.0,0.0,1.0,0.0,0.0,0.0,0.0,0.0,0.0,0.0,0.0,0.0,0.0,0.0,0.0,0.0,
0.0,0.0,0.0,0.333333333333,0.0,0.0,0.0,0.0,0.666666666667,0.0,0.0,0.0,0.0,0.0,0.0,0.0,0.0,0.0,0.0,
0.0,0.5,0.0,0.0,0.0,0.0,0.0,0.5,0.0,0.0,0.0,0.0,0.0,0.0,0.0,0.0,0.0,0.0,0.0,
0.5,0.0,0.0,0.0,0.0,0.0,0.0,0.0,0.0,0.0,0.0,0.5,0.0,0.0,0.0,0.0,0.0,0.0,0.0,
0.0,1.0,0.0,0.0,0.0,0.0,0.0,0.0,0.0,0.0,0.0,0.0,0.0,0.0,0.0,0.0,0.0,0.0,0.0,
0.0,0.0,0.0,0.0,0.0,0.0,0.0,0.0,0.0,0.0,0.0,0.0,0.0,0.0,0.0,1.0,0.0,0.0,0.0,
0.0,0.0,0.0,0.0,0.0,0.0,0.0,0.0,0.0,0.0,0.0,0.0,0.0,1.0,0.0,0.0,0.0,0.0,0.0,
0.0,0.5,0.0,0.0,0.5,0.0,0.0,0.0,0.0,0.0,0.0,0.0,0.0,0.0,0.0,0.0,0.0,0.0,0.0,
0.0,0.0,0.0,0.0,0.0,0.0,0.0,0.0,0.0,0.0,0.0,1.0,0.0,0.0,0.0,0.0,0.0,0.0,0.0,
0.0,1.0,0.0,0.0,0.0,0.0,0.0,0.0,0.0,0.0,0.0,0.0,0.0,0.0,0.0,0.0,0.0,0.0,0.0,
0.0,0.0,0.0,0.0,0.0,0.0,0.0,0.0,0.0,0.0,0.0,0.0,0.0,0.0,0.0,0.0,0.0,0.0,0.0,
0.0,1.0,0.0,0.0,0.0,0.0,0.0,0.0,0.0,0.0,0.0,0.0,0.0,0.0,0.0,0.0,0.0,0.0,0.0,
0.0,0.0,0.0,0.0,0.0,0.0,0.0,0.0,0.0,0.0,0.0,0.0,0.0,0.0,0.0,0.0,0.0,0.0,0.0,
Map:
Opening,+rollorientation:18
Nocontact,-pitchorientation:16
rotation,C:1
Closing,+yaworientation:2
Closing,Randomorientation:7
Closing,+rollorientation:17
Opening,Randomorientation:8
stop,NC:14
Nocontact,-yaworientation:9
Contact,+yaworientation:15
Opening,-pitchorientation:12
rotation,NC:11
movement,C:4
Opening,+yaworientation:3
stop,C:0
Closing,+pitchorientation:6
Closing,-pitchorientation:13
Opening,+pitchorientation:5
Opening,-yaworientation:10
