Start:
0.12,0.0,0.0,0.12,0.08,0.0,0.2,0.24,0.0,0.16,0.0,0.04,0.04,0.0,
Transition:
0.0,0.333333333333,0.666666666667,0.0,0.0,0.0,0.0,0.0,0.0,0.0,0.0,0.0,0.0,0.0,
0.0,0.0,0.5,0.0,0.0,0.25,0.0,0.0,0.0,0.25,0.0,0.0,0.0,0.0,
0.0,0.0,0.0,0.357142857143,0.0,0.0,0.357142857143,0.285714285714,0.0,0.0,0.0,0.0,0.0,0.0,
0.0,0.0,0.25,0.0,0.0,0.5,0.0,0.0,0.0,0.0,0.25,0.0,0.0,0.0,
0.0,0.0,0.5,0.0,0.0,0.5,0.0,0.0,0.0,0.0,0.0,0.0,0.0,0.0,
0.0,0.285714285714,0.0,0.285714285714,0.0,0.0,0.0,0.0,0.142857142857,0.285714285714,0.0,0.0,0.0,0.0,
0.0,0.0,0.8,0.0,0.0,0.0,0.0,0.0,0.0,0.2,0.0,0.0,0.0,0.0,
0.0,0.0,0.5,0.0,0.0,0.333333333333,0.0,0.0,0.0,0.0,0.166666666667,0.0,0.0,0.0,
0.0,0.0,0.0,0.0,0.0,1.0,0.0,0.0,0.0,0.0,0.0,0.0,0.0,0.0,
0.0,0.142857142857,0.142857142857,0.285714285714,0.0,0.142857142857,0.0,0.0,0.0,0.0,0.285714285714,0.0,0.0,0.0,
0.0,0.0,0.0,0.333333333333,0.0,0.0,0.0,0.0,0.0,0.666666666667,0.0,0.0,0.0,0.0,
0.0,0.0,1.0,0.0,0.0,0.0,0.0,0.0,0.0,0.0,0.0,0.0,0.0,0.0,
0.0,0.0,0.0,0.0,0.0,0.0,0.0,0.0,0.0,0.0,0.0,0.0,0.0,1.0,
0.0,0.0,0.0,0.0,0.0,0.0,1.0,0.0,0.0,0.0,0.0,0.0,0.0,0.0,
Map:
yaworientationlong:13
+rollorientationlong:4
-yaworientationlong:10
-rollorientation:9
Randomorientation:1
+rollorientation:7
+yaworientationlong:2
-pitchorientation:6
-pitchorientationlong:11
-rollorientationlong:8
+pitchorientation:3
+yaworientation:5
+pitchorientationlong:0
-pitchorientation+:12
