Start:
1.0,0.0,0.0,0.0,0.0,
0.0,0.588235294118,0.411764705882,0.0,0.0,
Transition:
0.0,0.0,0.0,0.0,0.0,
0.95,0.0,0.05,0.0,0.0,
0.903225806452,0.0645161290323,0.0,0.0,0.0322580645161,
0.0,0.0,0.0,0.0,0.0,
0.0,0.0,0.0,0.0,0.0,
-
0.0,0.0,1.0,0.0,0.0,
0.0,0.0,0.0,0.0,0.0,
0.0,0.0,0.0,1.0,0.0,
0.0,0.0,0.0,0.0,0.0,
0.0,0.0,0.0,0.0,0.0,
-
0.0,0.0,1.0,0.0,0.0,
1.0,0.0,0.0,0.0,0.0,
0.0,0.0,0.0,0.0,0.0,
0.0,0.0,1.0,0.0,0.0,
0.0,1.0,0.0,0.0,0.0,
-
0.0,0.0,0.0,0.0,0.0,
0.0,0.0,0.0,0.0,0.0,
1.0,0.0,0.0,0.0,0.0,
0.0,0.0,0.0,0.0,0.0,
0.0,0.0,0.0,0.0,0.0,
-
0.0,0.0,0.0,0.0,0.0,
1.0,0.0,0.0,0.0,0.0,
0.0,0.0,0.0,0.0,0.0,
0.0,0.0,0.0,0.0,0.0,
0.0,0.0,0.0,0.0,0.0,
-
Map:
Neg:1
Pos:Fast:3
Stop:0
Pos:2
Neg:Fast:4
n_states:
4
