Start:
0.85,0.05,0.05,0.05,
0.25,0.5,0.0,0.25,
0.857142857143,0.142857142857,0.0,0.0,
Transition:
1.0,0.0,0.0,0.0,
1.0,0.0,0.0,0.0,
0.0,0.0,0.0,0.0,
0.0,0.0,0.0,0.0,
-
0.0,0.0,0.0,0.0,
0.0,0.0,0.0,0.0,
0.0,0.0,0.0,0.0,
0.0,0.0,0.0,0.0,
-
0.0,0.0,0.0,0.0,
0.0,0.0,0.0,0.0,
0.0,0.0,0.0,0.0,
0.0,0.0,0.0,0.0,
-
0.0,0.0,0.0,0.0,
0.0,0.0,0.0,0.0,
0.0,0.0,0.0,0.0,
0.0,0.0,0.0,0.0,
-
--
0.0,0.0,0.0,0.0,
0.0,0.0,0.0,0.0,
0.0,0.0,0.0,0.0,
0.0,0.0,0.0,0.0,
-
0.0,0.0,0.0,0.0,
0.0,0.0,0.0,0.0,
0.0,0.0,0.0,0.0,
0.0,0.0,0.0,0.0,
-
0.0,0.0,0.0,0.0,
0.0,0.0,0.0,0.0,
0.0,0.0,0.0,0.0,
0.0,0.0,0.0,0.0,
-
0.0,0.0,0.0,0.0,
0.0,0.0,0.0,0.0,
0.0,0.0,0.0,0.0,
0.0,0.0,0.0,0.0,
-
--
0.0,0.0,0.0,0.0,
0.0,0.0,0.0,0.0,
0.0,0.0,0.0,0.0,
0.0,0.0,0.0,0.0,
-
0.0,0.0,0.0,0.0,
0.0,0.0,0.0,0.0,
0.0,0.0,0.0,0.0,
0.0,0.0,0.0,0.0,
-
0.0,0.0,0.0,0.0,
0.0,0.0,0.0,0.0,
0.0,0.0,0.0,0.0,
0.0,0.0,0.0,0.0,
-
0.0,0.0,0.0,0.0,
0.0,0.0,0.0,0.0,
0.0,0.0,0.0,0.0,
0.0,0.0,0.0,0.0,
-
--
0.0,0.0,0.0,0.0,
0.0,0.0,0.0,0.0,
0.0,0.0,0.0,0.0,
0.0,0.0,0.0,0.0,
-
0.0,0.0,0.0,0.0,
0.0,0.0,0.0,0.0,
0.0,0.0,0.0,0.0,
0.0,0.0,0.0,0.0,
-
0.0,0.0,0.0,0.0,
0.0,0.0,0.0,0.0,
0.0,0.0,0.0,0.0,
0.0,0.0,0.0,0.0,
-
0.0,0.0,0.0,0.0,
0.0,0.0,0.0,0.0,
0.0,0.0,0.0,0.0,
0.0,0.0,0.0,0.0,
-
--
Map:
-pitchRotation:1
+pitchRotation:3
-yawRotation:2
No:0
n_states:
1.4
