Start:
0.9,0.1,0.0,0.0,0.0,0.0,0.0,0.0,
Transition:
0.0,0.392857142857,0.428571428571,0.107142857143,0.0,0.0,0.0357142857143,0.0357142857143,
0.0,0.0,0.346153846154,0.307692307692,0.346153846154,0.0,0.0,0.0,
0.230769230769,0.25641025641,0.0,0.25641025641,0.153846153846,0.025641025641,0.0769230769231,0.0,
0.0,0.190476190476,0.333333333333,0.0,0.47619047619,0.0,0.0,0.0,
0.136363636364,0.0454545454545,0.590909090909,0.0,0.0,0.0,0.227272727273,0.0,
0.0,0.0,0.0,0.0,0.0,0.0,0.0,0.0,
0.875,0.125,0.0,0.0,0.0,0.0,0.0,0.0,
0.0,0.0,1.0,0.0,0.0,0.0,0.0,0.0,
Map:
ZPo,NC:3
-yawRotation,NC:7
ZSt,NC:2
Stoprotat-pitchorientation,NC:5
ZNe,NC:0
Stoprotat+rollorientation,NC:6
-rollRotation,NC:1
+rollRotation,NC:4
n_states:
15
