Start:
0.5,0.0,0.0416666666667,0.125,0.166666666667,0.125,0.0416666666667,0.0,
Transition:
0.0,0.8,0.0,0.0666666666667,0.0,0.133333333333,0.0,0.0,
0.4,0.0,0.0,0.1,0.3,0.2,0.0,0.0,
0.0,1.0,0.0,0.0,0.0,0.0,0.0,0.0,
0.0,1.0,0.0,0.0,0.0,0.0,0.0,0.0,
0.0,0.4,0.0,0.0,0.0,0.4,0.0,0.2,
0.25,0.5,0.0,0.0,0.125,0.0,0.125,0.0,
1.0,0.0,0.0,0.0,0.0,0.0,0.0,0.0,
0.0,0.0,0.0,0.0,0.0,0.0,0.0,0.0,
Map:
-rollorientation:0
Randomorientation:7
-pitchorientation:3
+rollorientation:4
-rollorientationlong:2
+pitchorientation:5
-yaworientation:6
+yaworientation:1
n_states:
2
