Start:
1.0,0.0,0.0,0.0,0.0,0.0,0.0,0.0,0.0,0.0,0.0,0.0,0.0,0.0,
Transition:
0.0,0.047619047619,0.52380952381,0.047619047619,0.0952380952381,0.190476190476,0.0,0.047619047619,0.0,0.0,0.047619047619,0.0,0.0,0.0,
0.333333333333,0.0,0.333333333333,0.0,0.0,0.0,0.0,0.333333333333,0.0,0.0,0.0,0.0,0.0,0.0,
0.4375,0.0625,0.0,0.0,0.25,0.0625,0.0625,0.0,0.0625,0.0,0.0,0.0,0.0625,0.0,
0.0,0.0,1.0,0.0,0.0,0.0,0.0,0.0,0.0,0.0,0.0,0.0,0.0,0.0,
0.4,0.0,0.2,0.0,0.0,0.2,0.0,0.0,0.0,0.0,0.0,0.0,0.0,0.2,
0.0,0.0,0.142857142857,0.0,0.0,0.0,0.857142857143,0.0,0.0,0.0,0.0,0.0,0.0,0.0,
0.5,0.0,0.125,0.0,0.125,0.125,0.0,0.0,0.0,0.0,0.125,0.0,0.0,0.0,
0.0,0.5,0.0,0.0,0.5,0.0,0.0,0.0,0.0,0.0,0.0,0.0,0.0,0.0,
0.0,0.0,0.0,0.0,0.0,0.0,0.0,0.0,0.0,1.0,0.0,0.0,0.0,0.0,
0.0,0.0,0.0,0.0,0.0,0.0,0.0,0.0,0.0,0.0,0.0,0.0,0.0,0.0,
0.0,0.0,0.0,0.0,0.0,0.0,0.0,0.0,0.0,0.0,0.0,1.0,0.0,0.0,
0.0,0.0,0.0,0.0,0.0,0.0,0.0,0.0,0.0,0.0,0.0,0.0,0.0,0.0,
0.0,0.0,0.0,0.0,0.0,0.0,1.0,0.0,0.0,0.0,0.0,0.0,0.0,0.0,
1.0,0.0,0.0,0.0,0.0,0.0,0.0,0.0,0.0,0.0,0.0,0.0,0.0,0.0,
Map:
stop,C:9
Closing,-rollorientation:13
rotation,C:11
rotation,NC:4
Closing,Randomorientation:3
Opening,-rollorientation:12
Closing,+yaworientation:6
stop,NC:0
Contact,-pitchorientation:8
movement,NC:2
Opening,+yaworientation:5
Closing,+pitchorientation:7
Contact,+yaworientation:10
Opening,+pitchorientation:1
n_states:
7
