Start:
0.1,0.9,0.0,0.0,0.0,0.0,0.0,0.0,0.0,0.0,0.0,0.0,0.0,0.0,0.0,0.0,0.0,0.0,0.0,0.0,0.0,0.0,
Transition:
0.0,0.333333333333,0.333333333333,0.0,0.0,0.0,0.0,0.0,0.0,0.333333333333,0.0,0.0,0.0,0.0,0.0,0.0,0.0,0.0,0.0,0.0,0.0,0.0,
0.1,0.0,0.5,0.0,0.0,0.0,0.0,0.0,0.0,0.0,0.0,0.3,0.0,0.0,0.0,0.0,0.0,0.0,0.1,0.0,0.0,0.0,
0.0,0.0,0.0,0.0769230769231,0.153846153846,0.153846153846,0.0769230769231,0.230769230769,0.0769230769231,0.0769230769231,0.0,0.0,0.0,0.0,0.0,0.0769230769231,0.0,0.0769230769231,0.0,0.0,0.0,0.0,
0.0,0.0,0.0,0.0,1.0,0.0,0.0,0.0,0.0,0.0,0.0,0.0,0.0,0.0,0.0,0.0,0.0,0.0,0.0,0.0,0.0,0.0,
0.0,0.0,0.166666666667,0.0,0.0,0.5,0.0,0.0,0.0,0.0,0.0,0.0,0.0,0.166666666667,0.0,0.0,0.0,0.0,0.0,0.166666666667,0.0,0.0,
0.0,0.0,0.333333333333,0.0,0.166666666667,0.0,0.0,0.0,0.0,0.0,0.166666666667,0.0,0.0,0.0,0.0,0.0,0.0,0.166666666667,0.0,0.0,0.0,0.166666666667,
0.0,0.0,0.0,0.0,0.0,0.0,0.0,0.0,0.0,0.0,0.0,0.0,0.0,0.0,0.0,0.0,0.0,0.0,0.0,0.0,0.0,0.0,
0.0,0.0,0.0,0.0,0.142857142857,0.0,0.0,0.0,0.714285714286,0.0,0.0,0.0,0.142857142857,0.0,0.0,0.0,0.0,0.0,0.0,0.0,0.0,0.0,
0.0,0.0,0.375,0.0,0.125,0.125,0.0,0.25,0.0,0.0,0.0,0.0,0.0,0.0,0.0,0.125,0.0,0.0,0.0,0.0,0.0,0.0,
0.5,0.0,0.0,0.0,0.0,0.5,0.0,0.0,0.0,0.0,0.0,0.0,0.0,0.0,0.0,0.0,0.0,0.0,0.0,0.0,0.0,0.0,
0.0,0.0,0.0,0.0,0.0,0.0,0.0,0.0,0.0,0.0,0.0,0.0,0.0,0.0,0.0,0.0,0.0,0.0,0.0,0.0,0.0,0.0,
0.0,0.0,0.0,0.0,0.0,0.0,0.0,0.333333333333,0.0,0.0,0.0,0.0,0.333333333333,0.0,0.0,0.0,0.0,0.0,0.0,0.0,0.333333333333,0.0,
0.0,0.0,0.333333333333,0.0,0.0,0.0,0.0,0.0,0.666666666667,0.0,0.0,0.0,0.0,0.0,0.0,0.0,0.0,0.0,0.0,0.0,0.0,0.0,
0.0,0.0,0.0,0.0,0.0,0.0,0.0,0.0,0.0,0.0,0.0,0.0,0.0,0.0,1.0,0.0,0.0,0.0,0.0,0.0,0.0,0.0,
0.0,0.0,0.0,0.0,0.0,0.0,0.0,0.0,0.0,0.0,0.0,0.0,0.0,0.0,0.0,0.0,0.0,0.0,0.0,0.0,0.0,0.0,
0.0,0.0,0.0,0.0,0.0,0.0,0.0,0.0,0.0,0.0,0.0,0.0,0.0,0.0,0.0,0.0,1.0,0.0,0.0,0.0,0.0,0.0,
0.0,0.0,0.0,0.0,0.0,0.0,0.0,0.0,0.0,0.0,0.0,0.0,0.0,0.0,0.0,0.0,0.0,0.0,0.0,0.0,0.0,0.0,
0.0,0.0,0.0,0.0,0.0,0.0,0.0,0.0,0.0,0.0,0.0,0.0,0.0,0.0,0.0,0.0,0.0,0.0,0.0,0.0,0.0,0.0,
0.0,0.0,0.0,0.0,0.0,0.0,0.0,1.0,0.0,0.0,0.0,0.0,0.0,0.0,0.0,0.0,0.0,0.0,0.0,0.0,0.0,0.0,
0.0,0.0,1.0,0.0,0.0,0.0,0.0,0.0,0.0,0.0,0.0,0.0,0.0,0.0,0.0,0.0,0.0,0.0,0.0,0.0,0.0,0.0,
0.0,0.0,0.0,0.0,0.0,0.0,0.0,0.0,0.0,0.0,0.0,0.0,1.0,0.0,0.0,0.0,0.0,0.0,0.0,0.0,0.0,0.0,
0.0,0.0,1.0,0.0,0.0,0.0,0.0,0.0,0.0,0.0,0.0,0.0,0.0,0.0,0.0,0.0,0.0,0.0,0.0,0.0,0.0,0.0,
Map:
ZSt,NC:2
Closing,+yaworientation:8
Closing,Randomorientation:3
XYMovement,NC:11
ZNe,NC:1
Opening,-rollorientation:20
Contact,-pitchorientation:13
Closing,+pitchorientation:9
Stoprotat-rollorientation,NC:17
-pitchRotation,NC:18
ZSt,C:14
ZPo,NC:4
XYStop,NC:12
Closing,-rollorientation:21
Stoprotat+yaworientation,NC:19
-rollRotation,C:16
-rollRotation,NC:5
Opening,+pitchorientation:0
Stoprotat+pitchorientation,NC:6
StoprotatRandomorientation,NC:10
Opening,+yaworientation:7
Contact,+yaworientation:15
n_states:
7
