Start:
1.0,0.0,0.0,
0.0,1.0,0.0,
0.909090909091,0.0,0.0909090909091,
Transition:
0.0,0.0,0.0,
0.0,0.0,0.0,
0.0,0.0,0.0,
-
0.0,0.0,1.0,
1.0,0.0,0.0,
2.0,0.0,0.0,
-
0.0,0.0,0.0,
0.0,0.0,0.0,
0.0,0.0,0.0,
-
--
1.0,0.0,0.0,
0.0,0.0,0.0,
15.0,0.0,0.0,
-
0.0,0.0,0.0,
0.0,0.0,0.0,
0.0,0.0,0.0,
-
0.0,0.0,0.0,
0.0,0.0,0.0,
0.0,0.0,0.0,
-
--
0.0,0.0,0.0,
0.0,0.0,0.0,
0.0,0.0,0.0,
-
0.0,0.0,0.0,
0.0,0.0,0.0,
0.0,0.0,0.0,
-
0.0,0.0,0.0,
0.0,0.0,0.0,
0.0,0.0,0.0,
-
--
Map:
Neg:1
Stop:0
Pos:2
n_states:
3.92307692308
