Start:
1.0,0.0,0.0,0.0,0.0,0.0,0.0,0.0,0.0,0.0,
Transition:
0.0,0.418604651163,0.325581395349,0.139534883721,0.0697674418605,0.0,0.0,0.0,0.0,0.046511627907,
0.857142857143,0.0,0.0,0.0,0.142857142857,0.0,0.0,0.0,0.0,0.0,
0.888888888889,0.0,0.0,0.0,0.0,0.0,0.0,0.111111111111,0.0,0.0,
0.666666666667,0.0,0.0,0.0,0.333333333333,0.0,0.0,0.0,0.0,0.0,
0.0,0.375,0.125,0.0,0.0,0.375,0.125,0.0,0.0,0.0,
0.0,0.0,0.333333333333,0.0,0.0,0.0,0.666666666667,0.0,0.0,0.0,
0.0,0.0,0.0,0.0,0.0,0.0,0.0,1.0,0.0,0.0,
0.333333333333,0.0,0.333333333333,0.0,0.0,0.0,0.0,0.0,0.333333333333,0.0,
0.5,0.0,0.0,0.0,0.0,0.0,0.0,0.5,0.0,0.0,
1.0,0.0,0.0,0.0,0.0,0.0,0.0,0.0,0.0,0.0,
Map:
Pos,Stop,Stop:3
Pos,Stop,Pos:5
Neg,Stop,Stop:9
Stop,Stop,Pos:2
Stop,Stop,Neg:1
Stop,Neg,Stop:8
Stop,Neg,Pos:7
Pos,Neg,Pos:6
Pos,Stop,Neg:4
Stop,Stop,Stop:0
n_states:
4
