Start:
1.0,0.0,0.0,
0.0,0.296296296296,0.703703703704,
1.0,0.0,0.0,
Transition:
0.0,0.0,0.0,
0.0,0.0,0.0,
0.0,0.0,0.0,
-
0.0,1.0,0.0,
0.0,0.0,0.0,
0.0,0.0,0.0,
-
0.0,1.0,0.0,
0.0,0.0,0.0,
0.0,0.0,0.0,
-
--
0.0,0.0,0.0,
0.0,0.0,0.0,
0.0,0.0,0.0,
-
0.0,0.0,0.0,
0.0,0.0,0.0,
0.0,0.0,0.0,
-
0.0,0.0,0.0,
0.0,0.0,0.0,
0.0,0.0,0.0,
-
--
1.0,0.0,0.0,
11.0,0.0,0.0,
0.0,0.0,0.0,
-
0.0,0.0,0.0,
0.0,0.0,0.0,
0.0,0.0,0.0,
-
0.0,0.0,0.0,
0.0,0.0,0.0,
0.0,0.0,0.0,
-
--
Map:
Neg:1
Stop:0
Pos:2
n_states:
2.90476190476
