Start:
0.411764705882,0.0588235294118,0.323529411765,0.0294117647059,0.0588235294118,0.0588235294118,0.0294117647059,0.0294117647059,
Transition:
0.0,0.0769230769231,0.153846153846,0.230769230769,0.153846153846,0.0,0.384615384615,0.0,
0.0,0.0,0.0,0.0,0.0,0.0,0.0,0.0,
0.0,0.0,0.0,0.0,0.0,0.0,0.0,0.0,
0.0,0.0,0.0,0.0,0.0,0.0,0.0,0.0,
0.0,0.0,0.0,0.0,0.0,0.0,0.0,0.0,
0.0,0.0,0.0,0.0,0.0,0.0,1.0,0.0,
0.0,1.0,0.0,0.0,0.0,0.0,0.0,0.0,
0.0,0.0,0.0,0.0,0.0,0.0,0.0,0.0,
Map:
-rollorientation:4
-pitchorientation:7
+yaworientationlong:5
+rollorientation:1
-rollorientationlong:3
+pitchorientation:6
+yaworientation:0
+pitchorientationlong:2
n_states:
1
