Start:
1.0,0.0,0.0,0.0,0.0,0.0,0.0,0.0,0.0,0.0,
Transition:
0.0,0.25,0.333333333333,0.0833333333333,0.166666666667,0.0833333333333,0.0833333333333,0.0,0.0,0.0,
0.5,0.0,0.0,0.166666666667,0.0,0.333333333333,0.0,0.0,0.0,0.0,
0.0,0.142857142857,0.0,0.571428571429,0.0,0.0,0.0,0.142857142857,0.142857142857,0.0,
0.0,0.4,0.6,0.0,0.0,0.0,0.0,0.0,0.0,0.0,
0.0,1.0,0.0,0.0,0.0,0.0,0.0,0.0,0.0,0.0,
0.0,0.0,0.0,0.0,1.0,0.0,0.0,0.0,0.0,0.0,
0.0,0.0,0.0,0.0,0.0,0.0,0.0,0.0,0.0,0.0,
0.0,0.0,0.0,1.0,0.0,0.0,0.0,0.0,0.0,0.0,
0.0,0.0,0.0,0.0,0.0,0.0,0.0,0.0,0.0,1.0,
0.0,0.0,0.0,0.0,0.0,0.0,0.0,0.0,0.0,0.0,
Map:
Closing,+rollorientation:6
movement,C:8
Opening,-pitchorientation:3
stop,NC:0
Contact,-pitchorientation:7
movement,NC:1
stop,C:9
Closing,+pitchorientation:4
Closing,-pitchorientation:2
Opening,+pitchorientation:5
n_states:
4
