Start:
0.703703703704,0.0,0.037037037037,0.0,0.0,0.037037037037,0.222222222222,0.0,
Transition:
0.0,0.0888888888889,0.2,0.222222222222,0.0444444444444,0.0,0.444444444444,0.0,
0.166666666667,0.0,0.666666666667,0.0,0.0,0.0,0.166666666667,0.0,
0.12,0.0,0.0,0.48,0.24,0.08,0.08,0.0,
0.15,0.05,0.25,0.0,0.5,0.05,0.0,0.0,
0.0,0.0,0.0,0.0,0.0,1.0,0.0,0.0,
0.0,0.0,0.25,0.0,0.5,0.0,0.0,0.25,
0.633333333333,0.0333333333333,0.166666666667,0.166666666667,0.0,0.0,0.0,0.0,
0.0,0.0,0.0,0.0,0.0,0.0,1.0,0.0,
Map:
Nocontact,+yaworientation:3
Closing,+yaworientation:1
stop,NC:4
Contact,+yaworientation:7
movement,C:0
movement,NC:5
Opening,+yaworientation:2
stop,C:6
n_states:
5
