Start:
0.888888888889,0.0,0.0,0.037037037037,0.0,0.0,0.037037037037,0.0,0.0,0.037037037037,0.0,
Transition:
0.0,0.16,0.04,0.04,0.0,0.0,0.0,0.76,0.0,0.0,0.0,
0.0,0.0,0.5,0.166666666667,0.0,0.166666666667,0.0,0.166666666667,0.0,0.0,0.0,
0.0,0.0,0.0,0.454545454545,0.545454545455,0.0,0.0,0.0,0.0,0.0,0.0,
0.0416666666667,0.0,0.0833333333333,0.0,0.5,0.208333333333,0.0,0.0833333333333,0.0833333333333,0.0,0.0,
0.0,0.05,0.0,0.3,0.0,0.6,0.0,0.0,0.05,0.0,0.0,
0.0,0.0,0.0,0.5,0.0,0.0,0.5,0.0,0.0,0.0,0.0,
0.0,0.0,0.0,0.0,0.0,0.0,0.0,0.0,0.0,0.0,1.0,
0.0,0.0416666666667,0.666666666667,0.166666666667,0.125,0.0,0.0,0.0,0.0,0.0,0.0,
0.0,0.0,0.0,0.333333333333,0.0,0.666666666667,0.0,0.0,0.0,0.0,0.0,
0.0,0.0,0.0,0.0,0.0,0.0,0.0,1.0,0.0,0.0,0.0,
0.0,0.0,0.0,0.0,0.0,0.0,0.0,1.0,0.0,0.0,0.0,
Map:
Nocontact,+yaworientation:4
ZPo,NC:8
ZSt,NC:5
Closing,+yaworientation:1
ZSt,C:7
ZNe,C:0
ZNe,NC:6
Stoprotat+yaworientation,C:9
Opening,+yaworientation:3
Contact,+yaworientation:10
ZPo,C:2
n_states:
5
