Start:
1.0,0.0,0.0,
0.1,0.9,0.0,
0.9,0.0,0.1,
Transition:
1.0,0.0,0.0,
0.0,0.0,0.0,
1.0,0.0,0.0,
-
0.0,0.0,1.0,
0.0,0.0,0.0,
0.0,0.0,0.0,
-
0.0,0.0,0.0,
0.0,0.0,0.0,
0.0,0.0,0.0,
-
--
1.0,0.0,0.0,
0.0,0.0,0.0,
8.0,0.0,0.0,
-
0.0,0.0,0.0,
0.0,0.0,0.0,
0.0,0.0,0.0,
-
0.0,0.0,0.0,
0.0,0.0,0.0,
0.0,0.0,0.0,
-
--
0.0,0.0,0.0,
0.0,0.0,0.0,
0.0,0.0,0.0,
-
0.0,0.0,0.0,
0.0,0.0,0.0,
0.0,0.0,0.0,
-
0.0,0.0,0.0,
0.0,0.0,0.0,
0.0,0.0,0.0,
-
--
Map:
Stop,Stop,Pos:2
Stop,Stop,Stop:0
Stop,Stop,Neg:1
n_states:
4.7
