0.000355958938599:0.203465662991,0.299789917781,0.2176737324,-0.0643278272873,0.154014325597,0.140496267654,0.975910888806
0.000422954559326:0.203465662991,0.299789917781,0.2176737324,-0.0643278272873,0.154014325597,0.140496267654,0.975910888806
0.00116801261902:0.203465662991,0.299789917781,0.2176737324,-0.0643278272873,0.154014325597,0.140496267654,0.975910888806
0.000667095184326:0.203465662991,0.299789917781,0.2176737324,-0.0643278272873,0.154014325597,0.140496267654,0.975910888806
0.10129904747:0.203540666404,0.299341836661,0.218550412704,-0.0643278272873,0.154014325597,0.140496267654,0.975910888806
1.90777397156:0.204767391034,0.319620505382,0.203892373251,-0.0667335850621,0.128459564216,0.163107444902,0.975930798546
1.90837812424:0.204767391034,0.319620505382,0.203892373251,-0.0667335850621,0.128459564216,0.163107444902,0.975930798546
1.90946102142:0.204767391034,0.319620505382,0.203892373251,-0.0667335850621,0.128459564216,0.163107444902,0.975930798546
2.21133708954:0.235250511991,0.318903134672,0.10079476951,-0.0667335850621,0.128459564216,0.163107444902,0.975930798546
2.66013097763:0.23938301013,0.31187957215,0.0983329549907,-0.0925697734995,0.175517209975,0.126795495406,0.971878169703
2.66075706482:0.23938301013,0.31187957215,0.0983329549907,-0.0925697734995,0.175517209975,0.126795495406,0.971878169703
2.6620759964:0.23938301013,0.31187957215,0.0983329549907,-0.0925697734995,0.175517209975,0.126795495406,0.971878169703
2.96191811562:0.22562022145,0.281451520654,0.0849001392461,-0.140746871308,0.283525524462,0.0255215617015,0.948236557912
2.96370697021:0.22562022145,0.281451520654,0.0849001392461,-0.140746871308,0.283525524462,0.0255215617015,0.948236557912
3.26313400269:0.234327236092,0.27567204041,0.110236200029,-0.140746871308,0.283525524462,0.0255215617015,0.948236557912
3.26345205307:0.234327236092,0.27567204041,0.110236200029,-0.140746871308,0.283525524462,0.0255215617015,0.948236557912
3.41426491737:0.234327236092,0.27567204041,0.110236200029,-0.140746871308,0.283525524462,0.0255215617015,0.948236557912
3.41503000259:0.234327236092,0.27567204041,0.110236200029,-0.140746871308,0.283525524462,0.0255215617015,0.948236557912
3.4156870842:0.234327236092,0.27567204041,0.110236200029,-0.140746871308,0.283525524462,0.0255215617015,0.948236557912
3.41601610184:0.24560612865,0.264608027968,0.179829627614,-0.146615191566,0.26695463034,0.0408853225321,0.951612982002
3.41635704041:0.24560612865,0.264608027968,0.179829627614,-0.146615191566,0.26695463034,0.0408853225321,0.951612982002
4.1676902771:0.227834178479,0.266745891366,0.298707476825,-0.146615191566,0.26695463034,0.0408853225321,0.951612982002
4.16878890991:0.227834178479,0.266745891366,0.298707476825,-0.146615191566,0.26695463034,0.0408853225321,0.951612982002
4.31678009033:0.227834178479,0.266745891366,0.298707476825,-0.146615191566,0.26695463034,0.0408853225321,0.951612982002
4.31694412231:0.227834178479,0.266745891366,0.298707476825,-0.146615191566,0.26695463034,0.0408853225321,0.951612982002
4.31848096848:0.227834178479,0.266745891366,0.298707476825,-0.146615191566,0.26695463034,0.0408853225321,0.951612982002
4.32034492493:0.224877935442,0.269320273906,0.301280428542,-0.177352926576,0.261666300398,0.0781683403727,0.945498095081
5.06918096542:0.233726336713,0.330628147893,0.302707450384,-0.185263989746,0.253053689949,0.074517894528,0.946619505375
5.07029104233:0.233726336713,0.330628147893,0.302707450384,-0.185263989746,0.253053689949,0.074517894528,0.946619505375
5.07120227814:0.242499185162,0.372915793017,0.304373142962,-0.185263989746,0.253053689949,0.074517894528,0.946619505375
5.37242221832:0.262868717156,0.466851961248,0.311649589484,-0.185263989746,0.253053689949,0.074517894528,0.946619505375
6.12418699265:0.261162243026,0.605499356766,0.314017143977,-0.199762789506,0.290574809271,0.235254742193,0.905713144199
6.1247010231:0.261162243026,0.605499356766,0.314017143977,-0.199762789506,0.290574809271,0.235254742193,0.905713144199
6.27265930176:0.261162243026,0.605499356766,0.314017143977,-0.199762789506,0.290574809271,0.235254742193,0.905713144199
6.2736749649:0.261162243026,0.605499356766,0.314017143977,-0.199762789506,0.290574809271,0.235254742193,0.905713144199
6.27459621429:0.261162243026,0.605499356766,0.314017143977,-0.199762789506,0.290574809271,0.235254742193,0.905713144199
7.02588796616:0.254446950812,0.619071552577,0.267106505422,-0.202774921834,0.288995697446,0.279769473663,0.892800647321
7.02646923065:0.254960937,0.623463055194,0.227781362763,-0.194720082726,0.288039308116,0.2797531351,0.894905580188
7.02847909927:0.254960937,0.623463055194,0.227781362763,-0.194720082726,0.288039308116,0.2797531351,0.894905580188
7.09184598923:0.254960937,0.623463055194,0.227781362763,-0.194720082726,0.288039308116,0.2797531351,0.894905580188
7.0922832489:0.254960937,0.623463055194,0.227781362763,-0.194720082726,0.288039308116,0.2797531351,0.894905580188
7.17778396606:0.254960937,0.623463055194,0.227781362763,-0.194720082726,0.288039308116,0.2797531351,0.894905580188
7.17846393585:0.254301694575,0.625178508413,0.182456991051,-0.194720082726,0.288039308116,0.2797531351,0.894905580188
8.22980499268:0.257665011186,0.622539844191,0.0787343878986,-0.181362938792,0.308576509937,0.223541717811,0.906596258527
8.23110580444:0.257665011186,0.622539844191,0.0787343878986,-0.181362938792,0.308576509937,0.223541717811,0.906596258527
8.23198318481:0.256869383709,0.624591459776,0.0781888069437,-0.167495876006,0.308830760581,0.221697079433,0.909625952695
8.83536529541:0.242453243203,0.618602640733,0.126353006684,-0.188627127843,0.317131698417,0.222823478348,0.902328476969
8.98346614838:0.242453243203,0.618602640733,0.126353006684,-0.188627127843,0.317131698417,0.222823478348,0.902328476969
8.98398780823:0.226836988566,0.609509531118,0.19179174539,-0.190124220813,0.317053606362,0.225816257827,0.901297146315
8.98479652405:0.226836988566,0.609509531118,0.19179174539,-0.190124220813,0.317053606362,0.225816257827,0.901297146315
9.13437461853:0.226836988566,0.609509531118,0.19179174539,-0.190124220813,0.317053606362,0.225816257827,0.901297146315
9.13517951965:0.216300923975,0.603541873124,0.245181575899,-0.190124220813,0.317053606362,0.225816257827,0.901297146315
9.28505325317:0.208963711548,0.604694687515,0.27007929653,-0.190124220813,0.317053606362,0.225816257827,0.901297146315
9.28584003448:0.208963711548,0.604694687515,0.27007929653,-0.190124220813,0.317053606362,0.225816257827,0.901297146315
9.58643627167:0.208480792179,0.604467579454,0.270955976834,-0.190124220813,0.317053606362,0.225816257827,0.901297146315
9.5873670578:0.210180876755,0.602758261238,0.266923247436,-0.190124220813,0.317053606362,0.225816257827,0.901297146315
9.58767223358:0.210180876755,0.602758261238,0.266923247436,-0.190124220813,0.317053606362,0.225816257827,0.901297146315
9.73677062988:0.211109871332,0.602987998587,0.264906882737,-0.190124220813,0.317053606362,0.225816257827,0.901297146315
9.73815822601:0.211109871332,0.602987998587,0.264906882737,-0.190124220813,0.317053606362,0.225816257827,0.901297146315
9.73946380615:0.211109871332,0.602987998587,0.264906882737,-0.190124220813,0.317053606362,0.225816257827,0.901297146315
9.88743782043:0.211109871332,0.602987998587,0.264906882737,-0.190124220813,0.317053606362,0.225816257827,0.901297146315
9.88807582855:0.222488843894,0.638282335531,0.277017216112,-0.166639751908,0.179432311295,0.363972921139,0.898643027293
9.88875293732:0.222488843894,0.638282335531,0.277017216112,-0.166639751908,0.179432311295,0.363972921139,0.898643027293
10.6401615143:0.233655231961,0.64460751,0.26704105054,-0.147355398959,0.193612210474,0.361922252703,0.899896185045
10.6419620514:0.233655231961,0.64460751,0.26704105054,-0.147355398959,0.193612210474,0.361922252703,0.899896185045
10.7926683426:0.240979291321,0.636588637112,0.261774708281,-0.162519678458,0.188826110248,0.363631318438,0.897610208985
