Start:
1.0,0.0,0.0,0.0,0.0,0.0,0.0,0.0,0.0,0.0,0.0,0.0,0.0,0.0,0.0,0.0,0.0,0.0,0.0,0.0,0.0,0.0,
Transition:
0.0384615384615,0.423076923077,0.0,0.0,0.269230769231,0.0,0.0,0.192307692308,0.0,0.0384615384615,0.0,0.0,0.0,0.0,0.0,0.0,0.0,0.0,0.0,0.0384615384615,0.0,0.0,
0.0,0.0,0.75,0.0833333333333,0.0,0.0,0.0,0.0,0.0833333333333,0.0,0.0833333333333,0.0,0.0,0.0,0.0,0.0,0.0,0.0,0.0,0.0,0.0,0.0,
0.0,0.0,0.0,0.2,0.4,0.0,0.0,0.0,0.0,0.1,0.3,0.0,0.0,0.0,0.0,0.0,0.0,0.0,0.0,0.0,0.0,0.0,
0.0,0.0,0.0,0.0,0.05,0.7,0.2,0.0,0.0,0.0,0.0,0.0,0.0,0.05,0.0,0.0,0.0,0.0,0.0,0.0,0.0,0.0,
0.0,0.0,0.0,0.833333333333,0.0,0.0555555555556,0.0,0.0,0.0,0.0555555555556,0.0,0.0,0.0,0.0,0.0,0.0555555555556,0.0,0.0,0.0,0.0,0.0,0.0,
0.0,0.0,0.0,0.0,0.0,0.0,0.75,0.0,0.0,0.0,0.0,0.0,0.05,0.0,0.05,0.0,0.05,0.0,0.05,0.0,0.0,0.05,
0.0,0.0,0.0,0.0,0.0,0.142857142857,0.0,0.0,0.0,0.0,0.0,0.0,0.285714285714,0.142857142857,0.428571428571,0.0,0.0,0.0,0.0,0.0,0.0,0.0,
0.0,0.2,0.0,0.0,0.0,0.0,0.0,0.0,0.6,0.2,0.0,0.0,0.0,0.0,0.0,0.0,0.0,0.0,0.0,0.0,0.0,0.0,
0.0,0.0,0.2,0.0,0.4,0.0,0.0,0.0,0.0,0.0,0.0,0.0,0.0,0.0,0.0,0.0,0.0,0.4,0.0,0.0,0.0,0.0,
0.0,0.0,0.0,0.0,0.5,0.0,0.0,0.0,0.25,0.0,0.25,0.0,0.0,0.0,0.0,0.0,0.0,0.0,0.0,0.0,0.0,0.0,
0.0,0.0,0.0,0.4,0.4,0.0,0.0,0.0,0.0,0.0,0.0,0.2,0.0,0.0,0.0,0.0,0.0,0.0,0.0,0.0,0.0,0.0,
0.0,0.0,0.0,0.0,0.0,0.666666666667,0.0,0.0,0.0,0.0,0.0,0.0,0.333333333333,0.0,0.0,0.0,0.0,0.0,0.0,0.0,0.0,0.0,
0.0,0.0,0.0,0.0,0.0,0.0,1.0,0.0,0.0,0.0,0.0,0.0,0.0,0.0,0.0,0.0,0.0,0.0,0.0,0.0,0.0,0.0,
0.0,0.0,0.0,1.0,0.0,0.0,0.0,0.0,0.0,0.0,0.0,0.0,0.0,0.0,0.0,0.0,0.0,0.0,0.0,0.0,0.0,0.0,
0.0,0.0,0.0,0.0,0.0,0.0,1.0,0.0,0.0,0.0,0.0,0.0,0.0,0.0,0.0,0.0,0.0,0.0,0.0,0.0,0.0,0.0,
0.0,0.0,0.0,0.0,0.0,1.0,0.0,0.0,0.0,0.0,0.0,0.0,0.0,0.0,0.0,0.0,0.0,0.0,0.0,0.0,0.0,0.0,
0.0,0.0,0.0,0.0,0.0,0.0,1.0,0.0,0.0,0.0,0.0,0.0,0.0,0.0,0.0,0.0,0.0,0.0,0.0,0.0,0.0,0.0,
0.0,0.0,0.0,0.0,0.0,0.0,0.0,0.0,0.0,0.0,0.0,1.0,0.0,0.0,0.0,0.0,0.0,0.0,0.0,0.0,0.0,0.0,
0.0,0.0,0.0,0.0,0.0,0.0,1.0,0.0,0.0,0.0,0.0,0.0,0.0,0.0,0.0,0.0,0.0,0.0,0.0,0.0,0.0,0.0,
0.0,0.0,0.0,0.0,0.0,0.0,0.0,0.0,0.0,0.0,0.0,0.0,0.0,0.0,0.0,0.0,0.0,0.0,0.0,0.0,1.0,0.0,
0.0,0.0,0.0,0.0,0.0,1.0,0.0,0.0,0.0,0.0,0.0,0.0,0.0,0.0,0.0,0.0,0.0,0.0,0.0,0.0,0.0,0.0,
0.0,0.0,0.0,0.0,0.0,0.0,1.0,0.0,0.0,0.0,0.0,0.0,0.0,0.0,0.0,0.0,0.0,0.0,0.0,0.0,0.0,0.0,
Map:
ZSt,NC:2
Closing,+yaworientation:4
ZSt,C:6
XYMovement,NC:7
ZNe,NC:1
Contact,-pitchorientation:11
Stoprotat+yaworientation,C:12
ZPo,C:5
-pitchRotation,C:16
-pitchRotation,NC:9
Closing,Randomorientation:19
Closing,-pitchorientation:17
ZPo,NC:10
XYStop,NC:8
Opening,Randomorientation:21
Contact,Randomorientation:20
Stoprotat+yaworientation,NC:0
Nocontact,+yaworientation:13
XYMovement,C:15
Stoprotat-pitchorientation,C:18
Opening,+yaworientation:14
Contact,+yaworientation:3
