Start:
1.0,0.0,0.0,0.0,0.0,
0.0,0.347826086957,0.652173913043,0.0,0.0,
Transition:
0.0,0.0,0.0,0.0,0.0,
0.4,0.0,0.55,0.0,0.05,
0.190476190476,0.809523809524,0.0,0.0,0.0,
0.0,1.0,0.0,0.0,0.0,
0.0,0.0,0.0,0.0,0.0,
-
0.0,0.692307692308,0.307692307692,0.0,0.0,
0.0,0.0,0.0,0.0,0.0,
0.0740740740741,0.876543209877,0.0,0.0246913580247,0.0246913580247,
0.0,0.0,0.5,0.0,0.5,
0.0909090909091,0.363636363636,0.545454545455,0.0,0.0,
-
0.0,0.666666666667,0.333333333333,0.0,0.0,
0.189473684211,0.0,0.705263157895,0.0526315789474,0.0526315789474,
0.0,0.0,0.0,0.0,0.0,
0.0,0.5,0.375,0.0,0.125,
0.0,0.2,0.8,0.0,0.0,
-
0.0,0.0,0.0,0.0,0.0,
0.0,0.0,0.333333333333,0.0,0.666666666667,
0.0,0.166666666667,0.0,0.333333333333,0.5,
0.0,0.0,0.0,0.0,0.0,
0.0,0.0,0.75,0.25,0.0,
-
0.0,0.0,0.0,1.0,0.0,
0.2,0.0,0.4,0.2,0.2,
0.0769230769231,0.615384615385,0.0,0.307692307692,0.0,
0.0,1.0,0.0,0.0,0.0,
0.0,0.0,0.0,0.0,0.0,
-
Map:
Neg:2
Pos:Fast:3
Stop:0
Pos:1
Neg:Fast:4
n_states:
13
