Start:
0.9,0.0,0.0,0.0,0.0,0.0,0.0,0.0,0.1,0.0,0.0,0.0,0.0,
Transition:
0.0,0.5,0.0,0.4,0.0,0.0,0.0,0.0,0.1,0.0,0.0,0.0,0.0,
0.0,0.0,0.272727272727,0.0909090909091,0.0,0.0,0.0,0.363636363636,0.0909090909091,0.0,0.181818181818,0.0,0.0,
0.0,0.0,0.0,1.0,0.0,0.0,0.0,0.0,0.0,0.0,0.0,0.0,0.0,
0.0,0.0,0.0,0.0,0.5,0.0,0.0,0.0,0.0,0.1,0.0,0.4,0.0,
0.0,0.0,0.0,0.0,0.0,0.3,0.7,0.0,0.0,0.0,0.0,0.0,0.0,
0.0,0.2,0.0,0.0,0.2,0.0,0.6,0.0,0.0,0.0,0.0,0.0,0.0,
0.0,0.444444444444,0.0,0.0,0.0,0.111111111111,0.0,0.222222222222,0.0,0.0,0.222222222222,0.0,0.0,
0.0,0.0,0.5,0.0,0.0,0.0,0.0,0.0,0.0,0.0,0.5,0.0,0.0,
0.333333333333,0.333333333333,0.0,0.333333333333,0.0,0.0,0.0,0.0,0.0,0.0,0.0,0.0,0.0,
0.0,0.0,0.0,0.0,0.5,0.5,0.0,0.0,0.0,0.0,0.0,0.0,0.0,
0.0,1.0,0.0,0.0,0.0,0.0,0.0,0.0,0.0,0.0,0.0,0.0,0.0,
0.0,0.0,0.0,0.0,0.75,0.0,0.0,0.0,0.0,0.0,0.0,0.0,0.25,
0.0,0.0,0.0,0.0,0.0,0.0,0.0,0.0,0.0,1.0,0.0,0.0,0.0,
Map:
Opening,-pitchorientation:5
-yawRotation,NC:8
ZSt,NC:1
+yawRotation,NC:10
Stoprotat-pitchorientation,NC:7
ZNe,NC:0
Nocontact,-pitchorientation:6
Contact,-pitchorientation:3
Stoprotat-pitchorientation,C:9
ZSt,C:11
-yawRotation,C:12
Closing,-pitchorientation:2
ZPo,C:4
n_states:
8
