0.000121116638184:0.0755706527729,0.374438989795,0.183765018243,-0.0901238793719,0.272936280721,0.406275166949,0.867365634365
0.000175952911377:0.0755706527729,0.374438989795,0.183765018243,-0.0901238793719,0.272936280721,0.406275166949,0.867365634365
0.000306129455566:0.0755706527729,0.374438989795,0.183765018243,-0.0901238793719,0.272936280721,0.406275166949,0.867365634365
0.0714609622955:0.0755706527729,0.374438989795,0.183765018243,-0.0901238793719,0.272936280721,0.406275166949,0.867365634365
0.0718138217926:0.0755706527729,0.374438989795,0.183765018243,-0.0901238793719,0.272936280721,0.406275166949,0.867365634365
1.12577080727:0.137177340119,0.352316009092,0.150949124324,-0.0226514764555,0.182270620306,0.213080714994,0.959614547359
1.12596487999:0.178637606212,0.321311742234,0.114846838813,-0.0226514764555,0.182270620306,0.213080714994,0.959614547359
1.12609887123:0.178637606212,0.321311742234,0.114846838813,0.0309443779046,0.0909741403107,0.0419405592044,0.994487978076
1.27757000923:0.194919051803,0.321127121298,0.0622750684785,0.0309443779046,0.0909741403107,0.0419405592044,0.994487978076
1.2777338028:0.194919051803,0.321127121298,0.0622750684785,0.0309443779046,0.0909741403107,0.0419405592044,0.994487978076
2.03078484535:0.208652081857,0.307585215689,0.0123008570026,0.0402730467505,0.0878324046827,-0.060473468676,0.99348157917
2.03096199036:0.208089390653,0.304665884701,0.0141848282945,0.0402730467505,0.0878324046827,-0.060473468676,0.99348157917
2.03112483025:0.208089390653,0.304665884701,0.0141848282945,0.0402730467505,0.0878324046827,-0.060473468676,0.99348157917
2.33211183548:0.200057809973,0.303795942598,0.0454049239882,0.0402730467505,0.0878324046827,-0.060473468676,0.99348157917
2.3323700428:0.200057809973,0.303795942598,0.0454049239882,0.0402730467505,0.0878324046827,-0.060473468676,0.99348157917
2.33238697052:0.200057809973,0.303795942598,0.0454049239882,0.0402730467505,0.0878324046827,-0.060473468676,0.99348157917
2.33255195618:0.200057809973,0.303795942598,0.0454049239882,0.0402730467505,0.0878324046827,-0.060473468676,0.99348157917
2.33265686035:0.200057809973,0.303795942598,0.0454049239882,0.0402730467505,0.0878324046827,-0.060473468676,0.99348157917
2.33263516426:0.168627686525,0.24019286836,0.125684168363,0.0694267935069,-0.00257492549372,-0.402692915967,0.912694365439
2.93345212936:0.130125145347,0.245293669236,0.252179383674,0.0694267935069,-0.00257492549372,-0.402692915967,0.912694365439
2.93353295326:0.130125145347,0.245293669236,0.252179383674,0.0694267935069,-0.00257492549372,-0.402692915967,0.912694365439
2.9336001873:0.130125145347,0.245293669236,0.252179383674,0.0694267935069,-0.00257492549372,-0.402692915967,0.912694365439
2.93369889259:0.130125145347,0.245293669236,0.252179383674,0.0694267935069,-0.00257492549372,-0.402692915967,0.912694365439
2.93389296532:0.130125145347,0.245293669236,0.252179383674,0.0694267935069,-0.00257492549372,-0.402692915967,0.912694365439
3.38528394699:0.127332942529,0.226299944807,0.285775115363,0.183902027247,-0.245436845122,-0.497627196433,0.811361487443
3.38581609726:0.127332942529,0.226299944807,0.285775115363,0.183902027247,-0.245436845122,-0.497627196433,0.811361487443
3.38577699661:0.118245307815,0.219650856069,0.287519589844,0.203798708985,-0.277939302642,-0.53958316605,0.768157195651
3.83675599098:0.124941555938,0.218452724994,0.276305475011,0.203798708985,-0.277939302642,-0.53958316605,0.768157195651
3.83696508408:0.124941555938,0.218452724994,0.276305475011,0.203798708985,-0.277939302642,-0.53958316605,0.768157195651
3.83674788475:0.124941555938,0.218452724994,0.276305475011,0.203798708985,-0.277939302642,-0.53958316605,0.768157195651
3.83712482452:0.124941555938,0.218452724994,0.276305475011,0.203798708985,-0.277939302642,-0.53958316605,0.768157195651
4.13776302338:0.121665275031,0.205680936747,0.241659968539,0.22403224536,-0.315272852033,-0.602029174936,0.698550384227
4.13806819916:0.121665275031,0.205680936747,0.241659968539,0.22403224536,-0.315272852033,-0.602029174936,0.698550384227
4.2892408371:0.141570537683,0.204877283219,0.135773691965,0.227968039346,-0.32297455967,-0.620281260019,0.677472227734
4.74017429352:0.133437706453,0.219135207716,0.0374368393112,0.290606003759,-0.291763075578,-0.709294626606,0.572120240998
4.74036216736:0.133437706453,0.219135207716,0.0374368393112,0.290606003759,-0.291763075578,-0.709294626606,0.572120240998
5.19098472595:0.104010369978,0.233190178753,0.0196412388618,-0.335990735461,0.245727618752,0.80246532726,-0.427522733816
5.19119787216:0.104010369978,0.233190178753,0.0196412388618,-0.335990735461,0.245727618752,0.80246532726,-0.427522733816
5.19132995605:0.104010369978,0.233190178753,0.0196412388618,-0.335990735461,0.245727618752,0.80246532726,-0.427522733816
5.3415389061:0.0992049922392,0.235145026595,0.0635108560867,-0.335990735461,0.245727618752,0.80246532726,-0.427522733816
5.34168195724:0.0992049922392,0.235145026595,0.0635108560867,-0.335990735461,0.245727618752,0.80246532726,-0.427522733816
5.34184455872:0.0992049922392,0.235145026595,0.0635108560867,-0.335990735461,0.245727618752,0.80246532726,-0.427522733816
5.49203681946:0.0869634364115,0.238456744899,0.130974970919,-0.335990735461,0.245727618752,0.80246532726,-0.427522733816
5.49217605591:0.0731682637953,0.241624895167,0.186955832163,-0.335990735461,0.245727618752,0.80246532726,-0.427522733816
5.49231529236:0.0731682637953,0.241624895167,0.186955832163,-0.335990735461,0.245727618752,0.80246532726,-0.427522733816
5.79295921326:0.0210833995347,0.254561895517,0.245687973062,-0.335990735461,0.245727618752,0.80246532726,-0.427522733816
5.7931470871:0.0210833995347,0.254561895517,0.245687973062,-0.280757991279,0.375514808888,0.849753175197,-0.240999432746
5.79327392578:0.0210833995347,0.254561895517,0.245687973062,-0.280757991279,0.375514808888,0.849753175197,-0.240999432746
6.09414672852:0.0189457005733,0.257345244145,0.256991800814,-0.280757991279,0.375514808888,0.849753175197,-0.240999432746
6.09449768066:0.0189457005733,0.257345244145,0.256991800814,-0.280757991279,0.375514808888,0.849753175197,-0.240999432746
6.09455871582:0.0189457005733,0.257345244145,0.256991800814,-0.280757991279,0.375514808888,0.849753175197,-0.240999432746
