Start:
0.595238095238,0.190476190476,0.0238095238095,0.190476190476,0.0,0.0,0.0,
Transition:
0.0,0.290322580645,0.58064516129,0.0161290322581,0.0161290322581,0.0645161290323,0.0322580645161,
0.931034482759,0.0,0.0,0.0344827586207,0.0,0.0344827586207,0.0,
0.857142857143,0.0,0.0,0.0,0.0952380952381,0.0,0.047619047619,
0.8,0.1,0.0,0.0,0.1,0.0,0.0,
0.0,0.0,1.0,0.0,0.0,0.0,0.0,
0.6,0.4,0.0,0.0,0.0,0.0,0.0,
1.0,0.0,0.0,0.0,0.0,0.0,0.0,
Map:
-rollRotation:2
+yawRotation:3
No:0
-pitchRotation:5
+pitchRotation:6
-yawRotation:4
+rollRotation:1
n_states:
4
