Start:
0.0952380952381,0.0,0.0,0.214285714286,0.0,0.0,0.047619047619,0.214285714286,0.238095238095,0.0238095238095,0.142857142857,0.0,0.0238095238095,0.0,0.0,
Transition:
0.0,0.2,0.6,0.0,0.0,0.0,0.0,0.0,0.0,0.0,0.2,0.0,0.0,0.0,0.0,
0.0,0.0,0.5,0.0,0.25,0.0,0.0,0.0,0.0,0.0,0.25,0.0,0.0,0.0,0.0,
0.0,0.0,0.0,0.416666666667,0.0,0.0,0.0,0.291666666667,0.25,0.0,0.0416666666667,0.0,0.0,0.0,0.0,
0.0,0.0,0.357142857143,0.0,0.285714285714,0.0714285714286,0.0,0.0,0.0714285714286,0.0,0.142857142857,0.0714285714286,0.0,0.0,0.0,
0.0,0.181818181818,0.0,0.363636363636,0.0,0.0,0.0,0.181818181818,0.0,0.0909090909091,0.181818181818,0.0,0.0,0.0,0.0,
0.0,1.0,0.0,0.0,0.0,0.0,0.0,0.0,0.0,0.0,0.0,0.0,0.0,0.0,0.0,
0.0,0.0,0.5,0.0,0.5,0.0,0.0,0.0,0.0,0.0,0.0,0.0,0.0,0.0,0.0,
0.0,0.0,0.6,0.0,0.1,0.0,0.0,0.0,0.0,0.1,0.1,0.0,0.0,0.1,0.0,
0.0,0.0,0.6,0.1,0.2,0.0,0.0,0.0,0.0,0.0,0.0,0.1,0.0,0.0,0.0,
0.0,0.0,0.333333333333,0.0,0.666666666667,0.0,0.0,0.0,0.0,0.0,0.0,0.0,0.0,0.0,0.0,
0.1,0.1,0.1,0.3,0.1,0.0,0.0,0.1,0.0,0.0,0.0,0.2,0.0,0.0,0.0,
0.0,0.0,0.0,0.333333333333,0.0,0.0,0.0,0.0,0.0,0.0,0.666666666667,0.0,0.0,0.0,0.0,
0.0,0.0,1.0,0.0,0.0,0.0,0.0,0.0,0.0,0.0,0.0,0.0,0.0,0.0,0.0,
0.0,0.0,0.0,0.0,0.0,0.0,0.0,0.0,0.0,0.0,0.0,0.0,0.0,0.0,1.0,
0.0,0.0,0.0,0.0,0.0,0.0,0.0,1.0,0.0,0.0,0.0,0.0,0.0,0.0,0.0,
Map:
yaworientationlong:14
+rollorientationlong:6
-yaworientationlong:11
-rollorientation:10
Randomorientation:1
+rollorientation:8
+:13
+yaworientationlong:2
-pitchorientation:7
-pitchorientationlong:12
-rollorientationlong:9
+pitchorientation:3
-yaworientation:5
+yaworientation:4
+pitchorientationlong:0
n_states:
3
