Start:
0.9,0.1,0.0,0.0,0.0,0.0,0.0,0.0,
0.0,0.3,0.5,0.1,0.1,0.0,0.0,0.0,
Transition:
0.0,0.0,0.0,0.0,0.0,0.0,0.0,0.0,
0.0,0.0,0.727272727273,0.272727272727,0.0,0.0,0.0,0.0,
0.0,0.666666666667,0.0,0.333333333333,0.0,0.0,0.0,0.0,
0.0,0.666666666667,0.0,0.0,0.333333333333,0.0,0.0,0.0,
0.0,0.0,0.0,0.0,0.0,0.0,0.0,0.0,
0.0,0.0,0.0,0.0,0.0,0.0,0.0,0.0,
0.0,1.0,0.0,0.0,0.0,0.0,0.0,0.0,
0.0,0.0,1.0,0.0,0.0,0.0,0.0,0.0,
-
0.0,0.0,0.0,0.0,0.0,0.0,0.0,0.0,
0.0,0.0,0.0,0.0,0.0,0.0,0.0,0.0,
0.0,0.0,0.0,0.666666666667,0.111111111111,0.111111111111,0.111111111111,0.0,
0.0,0.0,0.375,0.0,0.625,0.0,0.0,0.0,
0.25,0.0,0.375,0.0,0.0,0.0,0.375,0.0,
0.0,0.0,0.0,0.0,0.0,0.0,0.0,0.0,
0.0,0.0,0.0,0.0,0.0,0.0,0.0,0.0,
0.0,0.0,0.0,0.0,0.0,0.0,0.0,0.0,
-
0.0,0.444444444444,0.222222222222,0.111111111111,0.0,0.0,0.111111111111,0.111111111111,
0.0,0.0,0.0,0.5,0.5,0.0,0.0,0.0,
0.0,0.0,0.0,0.0,0.0,0.0,0.0,0.0,
0.0,0.2,0.4,0.0,0.4,0.0,0.0,0.0,
0.25,0.25,0.0,0.0,0.0,0.0,0.5,0.0,
0.0,0.0,0.0,0.0,0.0,0.0,0.0,0.0,
1.0,0.0,0.0,0.0,0.0,0.0,0.0,0.0,
0.0,0.0,0.0,0.0,0.0,0.0,0.0,0.0,
-
0.0,0.0,0.0,0.0,0.0,0.0,0.0,0.0,
0.0,0.0,0.25,0.0,0.75,0.0,0.0,0.0,
0.285714285714,0.0,0.0,0.0,0.714285714286,0.0,0.0,0.0,
0.0,0.0,0.0,0.0,0.0,0.0,0.0,0.0,
0.0,0.0,1.0,0.0,0.0,0.0,0.0,0.0,
0.0,0.0,0.0,0.0,0.0,0.0,0.0,0.0,
0.0,0.0,0.0,0.0,0.0,0.0,0.0,0.0,
0.0,0.0,0.0,0.0,0.0,0.0,0.0,0.0,
-
0.0,0.333333333333,0.666666666667,0.0,0.0,0.0,0.0,0.0,
0.0,0.0,0.0,0.0,1.0,0.0,0.0,0.0,
0.7,0.1,0.0,0.0,0.0,0.0,0.2,0.0,
0.0,0.0,0.0,0.0,0.0,0.0,0.0,0.0,
0.0,0.0,0.0,0.0,0.0,0.0,0.0,0.0,
0.0,0.0,0.0,0.0,0.0,0.0,0.0,0.0,
1.0,0.0,0.0,0.0,0.0,0.0,0.0,0.0,
0.0,0.0,0.0,0.0,0.0,0.0,0.0,0.0,
-
0.0,0.0,0.0,0.0,0.0,0.0,0.0,0.0,
0.0,0.0,0.0,0.0,0.0,0.0,0.0,0.0,
0.0,0.0,0.0,0.0,0.0,0.0,0.0,0.0,
0.0,0.0,0.0,0.0,0.0,0.0,0.0,0.0,
0.0,0.0,0.0,0.0,0.0,0.0,0.0,0.0,
0.0,0.0,0.0,0.0,0.0,0.0,0.0,0.0,
0.0,0.0,0.0,0.0,0.0,0.0,0.0,0.0,
0.0,0.0,0.0,0.0,0.0,0.0,0.0,0.0,
-
0.0,0.428571428571,0.428571428571,0.142857142857,0.0,0.0,0.0,0.0,
0.0,0.0,0.0,1.0,0.0,0.0,0.0,0.0,
0.0,0.0,0.0,0.0,0.0,0.0,0.0,0.0,
0.0,0.0,0.0,0.0,0.0,0.0,0.0,0.0,
0.0,0.0,0.0,0.0,0.0,0.0,0.0,0.0,
0.0,0.0,0.0,0.0,0.0,0.0,0.0,0.0,
0.0,0.0,0.0,0.0,0.0,0.0,0.0,0.0,
0.0,0.0,0.0,0.0,0.0,0.0,0.0,0.0,
-
0.0,0.0,0.0,0.0,0.0,0.0,0.0,0.0,
0.0,0.0,0.0,0.0,0.0,0.0,0.0,0.0,
0.0,1.0,0.0,0.0,0.0,0.0,0.0,0.0,
0.0,0.0,0.0,0.0,0.0,0.0,0.0,0.0,
0.0,0.0,0.0,0.0,0.0,0.0,0.0,0.0,
0.0,0.0,0.0,0.0,0.0,0.0,0.0,0.0,
0.0,0.0,0.0,0.0,0.0,0.0,0.0,0.0,
0.0,0.0,0.0,0.0,0.0,0.0,0.0,0.0,
-
Map:
ZPo,NC:3
-yawRotation,NC:7
ZSt,NC:2
Stoprotat-pitchorientation,NC:5
ZNe,NC:0
Stoprotat+rollorientation,NC:6
-rollRotation,NC:1
+rollRotation,NC:4
n_states:
15
