Start:
1.0,0.0,0.0,0.0,0.0,
0.0,0.8,0.0,0.1,0.1,
Transition:
0.0,0.0,0.0,0.0,0.0,
0.1,0.0,0.9,0.0,0.0,
0.0,0.0,0.0,0.0,0.0,
0.0,0.0,1.0,0.0,0.0,
0.0,1.0,0.0,0.0,0.0,
-
0.0,1.0,0.0,0.0,0.0,
0.0,0.0,0.0,0.0,0.0,
0.0,0.928571428571,0.0,0.0714285714286,0.0,
0.0,0.0,0.0,0.0,0.0,
0.0,0.0,0.0,0.0,0.0,
-
0.0,0.0,0.0,0.0,0.0,
0.0,0.0,1.0,0.0,0.0,
0.0,0.0,0.0,0.0,0.0,
0.0,1.0,0.0,0.0,0.0,
0.0,0.0,0.0,0.0,0.0,
-
0.0,0.0,0.0,0.0,0.0,
1.0,0.0,0.0,0.0,0.0,
0.0,1.0,0.0,0.0,0.0,
0.0,0.0,0.0,0.0,0.0,
0.0,0.0,0.0,0.0,0.0,
-
0.0,0.0,0.0,0.0,0.0,
0.0,0.0,1.0,0.0,0.0,
0.0,0.0,0.0,0.0,0.0,
0.0,0.0,0.0,0.0,0.0,
0.0,0.0,0.0,0.0,0.0,
-
Map:
+rollorientation:2
+rollorientationlong:0
-yaworientation:4
-pitchorientation:1
+yaworientation:3
n_states:
6
