0.000419139862061:0.139880881703,0.344345298815,0.16971318361,0.0342452317064,0.1169756638,0.151202422893,0.980959682025
0.000363111495972:0.139880881703,0.344345298815,0.16971318361,0.0342452317064,0.1169756638,0.151202422893,0.980959682025
0.000764846801758:0.139880881703,0.344345298815,0.16971318361,0.0342452317064,0.1169756638,0.151202422893,0.980959682025
0.000969171524048:0.139880881703,0.344345298815,0.16971318361,0.0342452317064,0.1169756638,0.151202422893,0.980959682025
0.0257968902588:0.139880881703,0.344345298815,0.16971318361,0.0342452317064,0.1169756638,0.151202422893,0.980959682025
0.932168006897:0.155739662463,0.360415031822,0.149586395712,0.00718527482625,0.0980830113057,0.141493974241,0.985042124182
0.933146953583:0.165595104672,0.360691042598,0.112396313068,0.00718527482625,0.0980830113057,0.141493974241,0.985042124182
0.933682918549:0.165595104672,0.360691042598,0.112396313068,0.00718527482625,0.0980830113057,0.141493974241,0.985042124182
1.68607616425:0.2078776755,0.362279964624,0.00383669087185,0.00718527482625,0.0980830113057,0.141493974241,0.985042124182
1.68717813492:0.2078776755,0.362279964624,0.00383669087185,0.00718527482625,0.0980830113057,0.141493974241,0.985042124182
1.68775892258:0.2078776755,0.362279964624,0.00383669087185,0.00718527482625,0.0980830113057,0.141493974241,0.985042124182
1.68864798546:0.2078776755,0.362279964624,0.00383669087185,0.00718527482625,0.0980830113057,0.141493974241,0.985042124182
1.68936085701:0.2078776755,0.362279964624,0.00383669087185,0.00718527482625,0.0980830113057,0.141493974241,0.985042124182
1.69002580643:0.2078776755,0.362279964624,0.00383669087185,0.00718527482625,0.0980830113057,0.141493974241,0.985042124182
1.83573007584:0.2078776755,0.362279964624,0.00383669087185,0.00718527482625,0.0980830113057,0.141493974241,0.985042124182
1.83681201935:0.191222398995,0.287929012193,-0.00507915877851,-0.0827608676984,0.1589700349,-0.150446341013,0.972237215899
1.83728313446:0.191222398995,0.287929012193,-0.00507915877851,-0.0827608676984,0.1589700349,-0.150446341013,0.972237215899
1.98635101318:0.191222398995,0.287929012193,-0.00507915877851,-0.0827608676984,0.1589700349,-0.150446341013,0.972237215899
1.98694086075:0.191222398995,0.287929012193,-0.00507915877851,-0.0827608676984,0.1589700349,-0.150446341013,0.972237215899
1.98830080032:0.191222398995,0.287929012193,-0.00507915877851,0.00614327754832,0.131508570879,-0.210721651907,0.968640449834
1.98992180824:0.190896101108,0.281917321878,-0.00440401274279,0.00614327754832,0.131508570879,-0.210721651907,0.968640449834
2.28810501099:0.167803325431,0.262726291996,0.0370560644385,0.105204381618,0.121263404753,-0.232338283843,0.959294388663
2.43776798248:0.167803325431,0.262726291996,0.0370560644385,0.105204381618,0.121263404753,-0.232338283843,0.959294388663
2.43848395348:0.167803325431,0.262726291996,0.0370560644385,0.105204381618,0.121263404753,-0.232338283843,0.959294388663
2.43835806847:0.167803325431,0.262726291996,0.0370560644385,0.105204381618,0.121263404753,-0.232338283843,0.959294388663
2.43966698647:0.167803325431,0.262726291996,0.0370560644385,0.105204381618,0.121263404753,-0.232338283843,0.959294388663
2.44097495079:0.156180215746,0.278985942656,0.0810085365638,0.105204381618,0.121263404753,-0.232338283843,0.959294388663
2.44140481949:0.156180215746,0.278985942656,0.0810085365638,0.352067888961,0.152692262101,-0.275121141689,0.881499848593
2.44208884239:0.156180215746,0.278985942656,0.0810085365638,0.352067888961,0.152692262101,-0.275121141689,0.881499848593
2.44504380226:0.156180215746,0.278985942656,0.0810085365638,0.352067888961,0.152692262101,-0.275121141689,0.881499848593
2.58901596069:0.154787522799,0.272509279735,0.11563073255,0.352067888961,0.152692262101,-0.275121141689,0.881499848593
2.5897731781:0.154787522799,0.272509279735,0.11563073255,0.352067888961,0.152692262101,-0.275121141689,0.881499848593
2.74016809464:0.15782397944,0.270781649097,0.123777131605,0.352067888961,0.152692262101,-0.275121141689,0.881499848593
2.74088001251:0.15782397944,0.270781649097,0.123777131605,0.352067888961,0.152692262101,-0.275121141689,0.881499848593
2.74188709259:0.15782397944,0.270781649097,0.123777131605,0.352067888961,0.152692262101,-0.275121141689,0.881499848593
3.19130682945:0.170013640979,0.322458324142,0.150093488047,0.610087705761,0.195983750031,-0.153114492387,0.752290213089
3.19240379333:0.170013640979,0.322458324142,0.150093488047,0.610087705761,0.195983750031,-0.153114492387,0.752290213089
3.1929898262:0.16954877232,0.345876306855,0.167958326217,0.673782925305,0.219153017847,-0.0533242688369,0.70366590899
3.34373688698:0.17411778372,0.361494774501,0.164859152663,0.673782925305,0.219153017847,-0.0533242688369,0.70366590899
3.49313116074:0.17532709919,0.408752503946,0.161686972107,0.675453730712,0.232273298485,-0.0439667969286,0.698483462377
3.6428129673:0.17532709919,0.408752503946,0.161686972107,0.675453730712,0.232273298485,-0.0439667969286,0.698483462377
3.64376378059:0.17532709919,0.408752503946,0.161686972107,0.675453730712,0.232273298485,-0.0439667969286,0.698483462377
3.64453983307:0.17532709919,0.408752503946,0.161686972107,0.675453730712,0.232273298485,-0.0439667969286,0.698483462377
3.94710087776:0.165714914316,0.662173679995,0.161498857761,0.676866882888,0.244947181334,-0.0427235729127,0.692840696631
4.24711799622:0.146311208153,0.727058818121,0.174291087229,0.70246741645,0.304396492978,-0.0309623708158,0.642591991092
4.24815273285:0.146311208153,0.727058818121,0.174291087229,0.70246741645,0.304396492978,-0.0309623708158,0.642591991092
4.69816112518:0.144104826959,0.723613264453,0.167039703436,0.65087828492,0.27568191999,-0.0467092302716,0.705816001025
4.69888305664:0.144104826959,0.723613264453,0.167039703436,0.65087828492,0.27568191999,-0.0467092302716,0.705816001025
4.69980382919:0.144104826959,0.723613264453,0.167039703436,0.65087828492,0.27568191999,-0.0467092302716,0.705816001025
4.99960136414:0.148384065938,0.747652736479,0.136886483822,0.654020912484,0.275077833861,-0.0349683921901,0.703822730474
5.1493806839:0.148384065938,0.747652736479,0.136886483822,0.654020912484,0.275077833861,-0.0349683921901,0.703822730474
5.15040111542:0.148384065938,0.747652736479,0.136886483822,0.654020912484,0.275077833861,-0.0349683921901,0.703822730474
5.15097284317:0.160967731367,0.758214337158,0.0854754727697,0.649234303305,0.27011682026,-0.034207996222,0.710184721441
5.30054092407:0.16898727639,0.764009915928,0.0425297820968,0.649234303305,0.27011682026,-0.034207996222,0.710184721441
5.30121135712:0.16898727639,0.764009915928,0.0425297820968,0.649234303305,0.27011682026,-0.034207996222,0.710184721441
5.30268478394:0.16898727639,0.764009915928,0.0425297820968,0.649234303305,0.27011682026,-0.034207996222,0.710184721441
5.30243206024:0.16898727639,0.764009915928,0.0425297820968,0.649234303305,0.27011682026,-0.034207996222,0.710184721441
5.30296897888:0.16898727639,0.764009915928,0.0425297820968,0.649234303305,0.27011682026,-0.034207996222,0.710184721441
6.05251216888:0.192321287691,0.697119813973,-0.0120774021949,0.19607013552,0.0943932049881,-0.0998135505978,0.970918783234
6.0540971756:0.192321287691,0.697119813973,-0.0120774021949,0.19607013552,0.0943932049881,-0.0998135505978,0.970918783234
6.05462169647:0.192321287691,0.697119813973,-0.0120774021949,0.19607013552,0.0943932049881,-0.0998135505978,0.970918783234
6.20453214645:0.183072916997,0.674248455295,0.00467187761872,0.0477340853357,0.0978449445594,-0.158408541497,0.981353551901
6.50393486023:0.173394578166,0.6749269857,0.0329441478872,0.029487976029,0.108304043017,-0.158179818657,0.98100979341
6.50533294678:0.160000044058,0.672093721528,0.0822548756154,0.029487976029,0.108304043017,-0.158179818657,0.98100979341
6.50563716888:0.160000044058,0.672093721528,0.0822548756154,-0.0271756844926,0.100750471953,-0.148173318488,0.983441024549
6.50718784332:0.160000044058,0.672093721528,0.0822548756154,-0.0271756844926,0.100750471953,-0.148173318488,0.983441024549
6.50980854034:0.160000044058,0.672093721528,0.0822548756154,-0.0271756844926,0.100750471953,-0.148173318488,0.983441024549
6.65710687637:0.134572855747,0.680518443269,0.134763730397,-0.0271756844926,0.100750471953,-0.148173318488,0.983441024549
6.80461883545:0.134572855747,0.680518443269,0.134763730397,-0.0271756844926,0.100750471953,-0.148173318488,0.983441024549
6.80518913269:0.121310449039,0.685563277701,0.171580580737,-0.028191950361,0.0772576867801,-0.117022159882,0.989719032064
6.8055562973:0.121310449039,0.685563277701,0.171580580737,-0.028191950361,0.0772576867801,-0.117022159882,0.989719032064
6.80583715439:0.121310449039,0.685563277701,0.171580580737,-0.028191950361,0.0772576867801,-0.117022159882,0.989719032064
7.10639476776:0.11951485786,0.682132607005,0.179372788529,-0.028191950361,0.0772576867801,-0.117022159882,0.989719032064
7.10680103302:0.130980437285,0.712490301381,0.189289771604,0.0213755421113,0.0359434413231,-0.0100726945004,0.999074705058
7.10740089417:0.130980437285,0.712490301381,0.189289771604,0.0213755421113,0.0359434413231,-0.0100726945004,0.999074705058
7.10791110992:0.130980437285,0.712490301381,0.189289771604,0.0213755421113,0.0359434413231,-0.0100726945004,0.999074705058
7.40769481659:0.133079464221,0.73965229049,0.194675102994,0.0213755421113,0.0359434413231,-0.0100726945004,0.999074705058
7.40914058685:0.133079464221,0.73965229049,0.194675102994,0.0294971072912,0.0121019379317,0.0793067278073,0.996340286763
