Start:
0.0526315789474,0.0526315789474,0.315789473684,0.131578947368,0.184210526316,0.105263157895,0.105263157895,0.0526315789474,
Transition:
0.0,0.0,0.0,0.0,0.0,0.0,0.0,0.0,
0.0,0.0,0.0,0.0,0.0,0.0,0.0,0.0,
0.0,0.0,0.0,0.0,0.0,0.0,0.0,0.0,
0.0,0.0,0.0,0.0,0.0,0.0,0.0,0.0,
0.0,0.0,0.0,0.0,0.0,0.0,0.0,0.0,
0.0,0.0,0.0,0.0,0.0,1.0,0.0,0.0,
0.0,0.0,0.0,0.0,0.0,0.0,0.0,0.0,
0.0,0.0,0.0,0.0,0.0,0.0,0.0,0.0,
Map:
+rollorientationlong:3
-rollorientation:4
-pitchorientation:0
+rollorientation:5
-pitchorientationlong:1
-rollorientationlong:7
+pitchorientation:2
+pitchorientationlong:6
n_states:
1
