Start:
1.0,0.0,0.0,0.0,0.0,0.0,0.0,0.0,0.0,0.0,
Transition:
0.015625,0.578125,0.015625,0.015625,0.0,0.359375,0.015625,0.0,0.0,0.0,
0.657894736842,0.0,0.0263157894737,0.131578947368,0.0789473684211,0.0526315789474,0.0263157894737,0.0,0.0263157894737,0.0,
0.0,0.25,0.0,0.25,0.25,0.0,0.0,0.0,0.25,0.0,
0.125,0.0,0.0,0.0,0.0,0.75,0.0,0.0,0.0,0.125,
0.0,0.0,0.0,0.0,0.0,0.333333333333,0.333333333333,0.333333333333,0.0,0.0,
0.772727272727,0.0,0.0,0.0454545454545,0.0,0.0,0.181818181818,0.0,0.0,0.0,
0.333333333333,0.0,0.0,0.0,0.0,0.166666666667,0.0,0.333333333333,0.0,0.166666666667,
0.0,0.0,0.0,0.0,0.0,0.0,0.0,0.0,0.0,0.0,
0.0,0.0,1.0,0.0,0.0,0.0,0.0,0.0,0.0,0.0,
0.0,0.0,0.0,0.0,0.0,0.0,1.0,0.0,0.0,0.0,
Map:
Stop,Stop,Pos:Fast:8
Neg,Pos,Neg:7
Neg,Pos,Stop:6
Neg,Pos,Pos:9
Neg,Stop,Stop:5
Neg,Stop,Pos:3
Stop,Stop,Pos:2
Neg,Stop,Neg:4
Stop,Stop,Neg:1
Stop,Stop,Stop:0
n_states:
4
