Start:
0.727272727273,0.0,0.0,0.0,0.0,0.0,0.272727272727,0.0,0.0,0.0,0.0,0.0,0.0,0.0,0.0,0.0,
Transition:
0.0,0.5,0.0,0.142857142857,0.142857142857,0.0,0.0,0.0,0.0,0.0714285714286,0.0714285714286,0.0,0.0,0.0,0.0714285714286,0.0,
0.571428571429,0.0,0.142857142857,0.0,0.0,0.0,0.0,0.0,0.142857142857,0.142857142857,0.0,0.0,0.0,0.0,0.0,0.0,
1.0,0.0,0.0,0.0,0.0,0.0,0.0,0.0,0.0,0.0,0.0,0.0,0.0,0.0,0.0,0.0,
0.0,0.5,0.0,0.0,0.5,0.0,0.0,0.0,0.0,0.0,0.0,0.0,0.0,0.0,0.0,0.0,
0.0,0.0,0.0,0.0,0.0,0.363636363636,0.272727272727,0.181818181818,0.0,0.0,0.0,0.0,0.0909090909091,0.0,0.0,0.0909090909091,
0.0,0.0,0.0,0.0,0.142857142857,0.0,0.714285714286,0.0,0.0,0.0,0.0,0.142857142857,0.0,0.0,0.0,0.0,
0.0,0.0,0.0,0.0,0.571428571429,0.142857142857,0.0,0.142857142857,0.0,0.0,0.0,0.0,0.0,0.142857142857,0.0,0.0,
0.0,0.0,0.0,0.0,0.0,0.5,0.5,0.0,0.0,0.0,0.0,0.0,0.0,0.0,0.0,0.0,
1.0,0.0,0.0,0.0,0.0,0.0,0.0,0.0,0.0,0.0,0.0,0.0,0.0,0.0,0.0,0.0,
0.5,0.0,0.0,0.0,0.5,0.0,0.0,0.0,0.0,0.0,0.0,0.0,0.0,0.0,0.0,0.0,
0.0,0.0,0.0,0.0,0.0,1.0,0.0,0.0,0.0,0.0,0.0,0.0,0.0,0.0,0.0,0.0,
0.0,0.0,0.0,0.0,1.0,0.0,0.0,0.0,0.0,0.0,0.0,0.0,0.0,0.0,0.0,0.0,
0.0,0.0,0.0,0.0,0.0,0.0,1.0,0.0,0.0,0.0,0.0,0.0,0.0,0.0,0.0,0.0,
0.0,0.0,0.0,0.0,1.0,0.0,0.0,0.0,0.0,0.0,0.0,0.0,0.0,0.0,0.0,0.0,
0.0,0.0,0.0,0.0,1.0,0.0,0.0,0.0,0.0,0.0,0.0,0.0,0.0,0.0,0.0,0.0,
0.0,0.0,0.0,0.0,0.0,0.0,0.0,0.0,0.0,0.0,0.0,0.0,0.0,0.0,0.0,0.0,
Map:
Nocontact,+yaworientation:9
Opening,+yaworientation:7
rotation,C:2
rotation,NC:5
Opening,-rollorientation:13
Nocontact,+rollorientation:3
stop,NC:6
Opening,+rollorientation:15
Closing,-rollorientation:12
movement,C:1
Nocontact,+pitchorientation:10
Nocontact,Randomorientation:8
movement,NC:4
stop,C:0
Nocontact,-rollorientation:14
Opening,+pitchorientation:11
n_states:
6
