Start:
1.0,0.0,0.0,0.0,0.0,0.0,0.0,0.0,0.0,0.0,0.0,0.0,0.0,0.0,0.0,0.0,0.0,0.0,0.0,0.0,0.0,0.0,
Transition:
0.00840336134454,0.0252100840336,0.621848739496,0.285714285714,0.0,0.0,0.0,0.0252100840336,0.0,0.0,0.0,0.00840336134454,0.0,0.00840336134454,0.0,0.0,0.00840336134454,0.00840336134454,0.0,0.0,0.0,0.0,
0.0,0.0,0.333333333333,0.0,0.0,0.0,0.0,0.166666666667,0.333333333333,0.0,0.0,0.0,0.0,0.0,0.0,0.166666666667,0.0,0.0,0.0,0.0,0.0,0.0,
0.326923076923,0.0,0.0,0.625,0.0,0.0,0.0,0.0,0.0288461538462,0.0,0.0,0.0,0.00961538461538,0.0,0.0,0.0,0.00961538461538,0.0,0.0,0.0,0.0,0.0,
0.46,0.0,0.193333333333,0.32,0.0133333333333,0.0,0.0,0.0,0.0,0.0,0.0,0.0,0.00666666666667,0.00666666666667,0.0,0.0,0.0,0.0,0.0,0.0,0.0,0.0,
0.0,0.0,0.0,0.0,0.0,0.666666666667,0.0,0.0,0.0,0.333333333333,0.0,0.0,0.0,0.0,0.0,0.0,0.0,0.0,0.0,0.0,0.0,0.0,
0.0,0.0,0.0,0.0,0.0,0.0,0.0769230769231,0.0,0.0,0.230769230769,0.0,0.0769230769231,0.0,0.0,0.0,0.461538461538,0.0,0.0,0.0769230769231,0.0,0.0769230769231,0.0,
0.2,0.0,0.0,0.6,0.1,0.0,0.0,0.0,0.0,0.0,0.0,0.0,0.0,0.0,0.0,0.1,0.0,0.0,0.0,0.0,0.0,0.0,
0.0,0.2,0.0,0.0,0.0,0.0,0.0,0.0,0.4,0.2,0.0,0.0,0.0,0.0,0.0,0.2,0.0,0.0,0.0,0.0,0.0,0.0,
0.0,0.25,0.0,0.0,0.0,0.0,0.0,0.0,0.0,0.25,0.125,0.0,0.0,0.0,0.0,0.375,0.0,0.0,0.0,0.0,0.0,0.0,
0.0,0.0,0.0,0.0,0.0,0.217391304348,0.304347826087,0.0,0.0,0.130434782609,0.0434782608696,0.130434782609,0.0,0.0,0.0434782608696,0.130434782609,0.0,0.0,0.0,0.0,0.0,0.0,
0.5,0.0,0.0,0.5,0.0,0.0,0.0,0.0,0.0,0.0,0.0,0.0,0.0,0.0,0.0,0.0,0.0,0.0,0.0,0.0,0.0,0.0,
0.25,0.0,0.0,0.25,0.0,0.0,0.0,0.0,0.25,0.0,0.0,0.0,0.25,0.0,0.0,0.0,0.0,0.0,0.0,0.0,0.0,0.0,
0.25,0.0,0.0,0.0,0.0,0.0,0.25,0.0,0.0,0.25,0.0,0.0,0.0,0.0,0.0,0.25,0.0,0.0,0.0,0.0,0.0,0.0,
0.0,0.0,0.0,0.0,0.0,0.0,0.0,0.0,0.0,0.0,0.0,0.0,0.5,0.0,0.5,0.0,0.0,0.0,0.0,0.0,0.0,0.0,
0.0,0.0,0.0,0.5,0.0,0.5,0.0,0.0,0.0,0.0,0.0,0.0,0.0,0.0,0.0,0.0,0.0,0.0,0.0,0.0,0.0,0.0,
0.0,0.0,0.0,0.05,0.0,0.3,0.0,0.05,0.0,0.55,0.0,0.0,0.0,0.0,0.0,0.05,0.0,0.0,0.0,0.0,0.0,0.0,
0.0,0.0,0.0,0.0,0.0,0.0,0.0,0.0,0.0,0.5,0.0,0.0,0.0,0.0,0.0,0.5,0.0,0.0,0.0,0.0,0.0,0.0,
0.0,0.0,0.0,0.0,0.0,0.0,0.0,0.0,0.0,0.0,0.0,0.0,0.0,0.0,0.0,1.0,0.0,0.0,0.0,0.0,0.0,0.0,
0.0,0.0,0.0,0.0,0.0,0.0,0.0,0.0,0.0,0.0,0.0,0.0,0.0,0.0,0.0,0.0,0.0,0.0,0.0,1.0,0.0,0.0,
0.0,0.0,0.0,0.0,0.0,0.0,1.0,0.0,0.0,0.0,0.0,0.0,0.0,0.0,0.0,0.0,0.0,0.0,0.0,0.0,0.0,0.0,
0.0,0.0,0.0,0.0,0.0,0.0,0.0,0.0,0.0,0.0,0.0,0.0,0.0,0.0,0.0,0.0,0.0,0.0,0.0,0.0,0.0,1.0,
0.0,0.0,0.0,0.0,0.0,0.0,0.0,0.0,0.0,0.0,0.0,0.0,0.0,0.0,0.0,1.0,0.0,0.0,0.0,0.0,0.0,0.0,
Map:
Closing,+yaworientation:1
Contact,-pitchorientation:12
stop,C:5
Contact,+pitchorientation:16
Opening,-pitchorientation:13
rotation,NC:3
Closing,-pitchorientation:14
Contact,-rollorientation:17
Opening,-yaworientation:18
rotation,C:9
Contact,Randomorientation:21
movement,C:15
Nocontact,Randomorientation:20
Contact,-yaworientation:4
Nocontact,+yaworientation:10
Nocontact,-yaworientation:6
Nocontact,-pitchorientation:11
stop,NC:0
Closing,-yaworientation:19
movement,NC:2
Opening,+yaworientation:7
Contact,+yaworientation:8
n_states:
18
