Start:
0.0526315789474,0.0,0.315789473684,0.105263157895,0.210526315789,0.0,0.0526315789474,0.0526315789474,0.0,0.0,0.157894736842,0.0526315789474,0.0,0.0,0.0,0.0,0.0,
Transition:
0.0,0.818181818182,0.0,0.0,0.0,0.0,0.0,0.0,0.0,0.0,0.0,0.0,0.0,0.181818181818,0.0,0.0,0.0,
1.0,0.0,0.0,0.0,0.0,0.0,0.0,0.0,0.0,0.0,0.0,0.0,0.0,0.0,0.0,0.0,0.0,
0.0769230769231,0.0,0.0,0.0,0.0,0.923076923077,0.0,0.0,0.0,0.0,0.0,0.0,0.0,0.0,0.0,0.0,0.0,
0.0,0.0,0.0,0.0,0.935483870968,0.0,0.0,0.0,0.0322580645161,0.0,0.0,0.0,0.0,0.0,0.0,0.0,0.0322580645161,
0.0,0.0,0.0,0.941176470588,0.0,0.0,0.0,0.0,0.0,0.0294117647059,0.0,0.0,0.0,0.0,0.0,0.0294117647059,0.0,
0.0,0.0,0.875,0.0,0.125,0.0,0.0,0.0,0.0,0.0,0.0,0.0,0.0,0.0,0.0,0.0,0.0,
0.0,0.0,0.0,0.0,0.0,0.0,0.0,0.0,0.0,0.0,0.0,0.0,0.0,0.0,0.0,0.0,0.0,
0.0,0.0,0.0,0.0,0.0,0.0,0.0,0.0,0.0,0.0,0.0,0.0,0.0,0.0,0.0,0.0,0.0,
0.0,0.0,0.0,1.0,0.0,0.0,0.0,0.0,0.0,0.0,0.0,0.0,0.0,0.0,0.0,0.0,0.0,
0.0,0.0,0.0,0.0,1.0,0.0,0.0,0.0,0.0,0.0,0.0,0.0,0.0,0.0,0.0,0.0,0.0,
1.0,0.0,0.0,0.0,0.0,0.0,0.0,0.0,0.0,0.0,0.0,0.0,0.0,0.0,0.0,0.0,0.0,
0.0,0.0,0.0,0.0,0.0,0.0,0.0,0.0,0.0,0.0,0.0,0.0,1.0,0.0,0.0,0.0,0.0,
0.0,0.0,0.0,0.0,0.0,0.0,0.0,0.0,0.0,0.0,0.0,0.0,0.0,1.0,0.0,0.0,0.0,
0.0,0.5,0.0,0.0,0.0,0.0,0.0,0.0,0.0,0.0,0.0,0.0,0.0,0.0,0.5,0.0,0.0,
0.0,0.0,0.0,0.0,0.0,0.0,0.0,0.0,0.0,0.0,0.0,0.0,0.0,0.0,0.0,0.0,0.0,
0.0,0.0,0.0,1.0,0.0,0.0,0.0,0.0,0.0,0.0,0.0,0.0,0.0,0.0,0.0,0.0,0.0,
0.0,0.0,0.0,1.0,0.0,0.0,0.0,0.0,0.0,0.0,0.0,0.0,0.0,0.0,0.0,0.0,0.0,
Map:
middle0-->0,:14
thumb0-->1,:15
pinky1-->0,middle1-->2,:16
pinky1-->0,:4
pinky0-->1,:3
thumb2-->1,:13
thumb0-->0,:6
pinky0-->1,thumb2-->1,:9
thumb1-->2,:10
index1-->0,:5
middle2-->1,:1
pinky1-->2,:7
index0-->1,:2
middle2-->0,:12
middle1-->2,:0
middle0-->2,:11
pinky1-->0,thumb1-->2,:8
n_states:
3
