Start:
1.0,0.0,0.0,0.0,0.0,0.0,0.0,0.0,0.0,0.0,0.0,0.0,0.0,0.0,0.0,0.0,0.0,
Transition:
0.0,0.123456790123,0.037037037037,0.444444444444,0.320987654321,0.0,0.0246913580247,0.0123456790123,0.0,0.0246913580247,0.0,0.0123456790123,0.0,0.0,0.0,0.0,0.0,
0.375,0.0,0.5,0.0625,0.0,0.0,0.0,0.0625,0.0,0.0,0.0,0.0,0.0,0.0,0.0,0.0,0.0,
0.391304347826,0.130434782609,0.0,0.0869565217391,0.173913043478,0.130434782609,0.0,0.0869565217391,0.0,0.0,0.0,0.0,0.0,0.0,0.0,0.0,0.0,
0.857142857143,0.0952380952381,0.0,0.0,0.0,0.0,0.0,0.0,0.0,0.0,0.0238095238095,0.0,0.0238095238095,0.0,0.0,0.0,0.0,
0.647058823529,0.0,0.176470588235,0.0588235294118,0.0,0.0294117647059,0.0,0.0588235294118,0.0,0.0294117647059,0.0,0.0,0.0,0.0,0.0,0.0,0.0,
0.0,0.0,0.0,0.8,0.0,0.0,0.0,0.0,0.2,0.0,0.0,0.0,0.0,0.0,0.0,0.0,0.0,
0.0,0.0,0.0,0.0,0.0,0.0,0.0,1.0,0.0,0.0,0.0,0.0,0.0,0.0,0.0,0.0,0.0,
0.0,0.0,0.6,0.0,0.2,0.1,0.0,0.0,0.0,0.1,0.0,0.0,0.0,0.0,0.0,0.0,0.0,
0.0,0.0,0.0,1.0,0.0,0.0,0.0,0.0,0.0,0.0,0.0,0.0,0.0,0.0,0.0,0.0,0.0,
0.0,0.0,0.0,0.0,0.5,0.0,0.0,0.5,0.0,0.0,0.0,0.0,0.0,0.0,0.0,0.0,0.0,
0.0,0.0,0.0,0.5,0.0,0.0,0.0,0.0,0.0,0.0,0.0,0.5,0.0,0.0,0.0,0.0,0.0,
0.0,0.0,0.0,0.0,0.0,0.0,0.0,0.0,0.0,0.0,1.0,0.0,0.0,0.0,0.0,0.0,0.0,
0.0,0.0,0.0,0.0,0.0,0.0,0.0,0.0,0.0,0.0,0.0,0.0,0.0,1.0,0.0,0.0,0.0,
0.0,0.0,0.0,0.0,0.0,0.0,0.0,0.0,0.0,0.0,0.0,0.0,0.0,0.0,1.0,0.0,0.0,
0.0,0.0,0.0,0.0,0.0,0.0,0.0,0.0,0.0,0.0,0.0,0.0,0.0,0.0,0.0,1.0,0.0,
0.0,0.0,0.0,0.0,0.0,0.0,0.0,0.0,0.0,0.0,0.0,0.0,0.0,0.0,0.0,0.0,1.0,
0.0,1.0,0.0,0.0,0.0,0.0,0.0,0.0,0.0,0.0,0.0,0.0,0.0,0.0,0.0,0.0,0.0,
Map:
Stop,Stop,Pos:Fast:8
Pos,Stop,Stop:4
Pos,Stop,Pos:5
Neg,Pos,Pos:12
Neg,Stop,Stop:11
Stop,Neg,Neg:6
Stop,Stop,Pos:3
Neg,Stop,Neg:16
Stop,Stop,Neg:1
Pos,Neg,Neg:7
Neg,Neg,Neg:Fast:14
Pos,Neg,Stop:9
Neg,Stop,Pos:10
Pos,Stop,Neg:2
Pos:Fast,Neg:Fast,Neg:Fast:13
Neg,Neg,Neg:15
Stop,Stop,Stop:0
n_states:
6
