Start:
0.533333333333,0.166666666667,0.0,0.233333333333,0.0,0.0,0.0333333333333,0.0,0.0,0.0,0.0,0.0,0.0333333333333,0.0,0.0,
Transition:
0.0,0.6,0.12,0.16,0.0,0.0,0.04,0.04,0.0,0.04,0.0,0.0,0.0,0.0,0.0,
0.333333333333,0.0,0.208333333333,0.291666666667,0.0416666666667,0.0,0.0416666666667,0.0,0.0,0.0,0.0,0.0833333333333,0.0,0.0,0.0,
0.0,0.04,0.0,0.04,0.72,0.16,0.0,0.0,0.04,0.0,0.0,0.0,0.0,0.0,0.0,
0.0,0.047619047619,0.809523809524,0.0,0.0952380952381,0.0,0.047619047619,0.0,0.0,0.0,0.0,0.0,0.0,0.0,0.0,
0.0,0.0,0.0,0.0,0.0,0.875,0.0,0.0,0.0,0.0416666666667,0.0416666666667,0.0,0.0,0.0,0.0416666666667,
0.0,0.0,0.0,0.0,0.2,0.0,0.0,0.0,0.2,0.6,0.0,0.0,0.0,0.0,0.0,
0.25,0.25,0.0,0.5,0.0,0.0,0.0,0.0,0.0,0.0,0.0,0.0,0.0,0.0,0.0,
0.0,0.0,0.0,0.0,0.666666666667,0.333333333333,0.0,0.0,0.0,0.0,0.0,0.0,0.0,0.0,0.0,
0.0,0.0,1.0,0.0,0.0,0.0,0.0,0.0,0.0,0.0,0.0,0.0,0.0,0.0,0.0,
0.0,0.5,0.0,0.0,0.0,0.5,0.0,0.0,0.0,0.0,0.0,0.0,0.0,0.0,0.0,
0.0,0.0,0.0,0.0,0.0,1.0,0.0,0.0,0.0,0.0,0.0,0.0,0.0,0.0,0.0,
0.0,0.0,0.0,0.0,0.0,0.0,0.0,1.0,0.0,0.0,0.0,0.0,0.0,0.0,0.0,
0.0,0.0,0.0,0.0,0.0,0.0,0.0,0.0,0.0,0.0,0.0,0.0,0.0,1.0,0.0,
0.0,0.0,0.0,0.0,1.0,0.0,0.0,0.0,0.0,0.0,0.0,0.0,0.0,0.0,0.0,
0.0,0.0,0.0,0.0,0.0,1.0,0.0,0.0,0.0,0.0,0.0,0.0,0.0,0.0,0.0,
Map:
Nocontact,+yaworientation:8
Opening,+yaworientation:9
rotation,C:10
Closing,+yaworientation:3
Closing,Randomorientation:12
Opening,Randomorientation:14
movement,C:4
Closing,-pitchorientation:11
Contact,Randomorientation:13
rotation,NC:6
stop,NC:1
Contact,-pitchorientation:7
movement,NC:0
stop,C:5
Contact,+yaworientation:2
n_states:
5
