Start:
1.0,0.0,0.0,0.0,0.0,0.0,0.0,0.0,0.0,
Transition:
0.0,0.32,0.56,0.06,0.0,0.0,0.02,0.04,0.0,
0.941176470588,0.0,0.0588235294118,0.0,0.0,0.0,0.0,0.0,0.0,
0.933333333333,0.0,0.0,0.0,0.0,0.0,0.0,0.0,0.0666666666667,
0.0,0.0,0.0,0.0,0.2,0.0,0.0,0.8,0.0,
0.0,0.0,0.0,0.0,0.0,1.0,0.0,0.0,0.0,
0.0,1.0,0.0,0.0,0.0,0.0,0.0,0.0,0.0,
0.0,0.0,0.0,0.0,0.0,0.0,0.0,1.0,0.0,
0.666666666667,0.0,0.0,0.333333333333,0.0,0.0,0.0,0.0,0.0,
0.0,0.0,1.0,0.0,0.0,0.0,0.0,0.0,0.0,
Map:
Stop,Stop,Pos:Fast:8
Pos,Stop,Stop:7
Stop,Stop,Pos:2
Stop,Stop,Neg:1
Pos,Neg,Neg:4
Pos,Neg,Stop:3
Pos,Stop,Pos:Fast:6
Pos,Stop,Neg:5
Stop,Stop,Stop:0
n_states:
4
