Start:
1.0,0.0,0.0,0.0,0.0,0.0,0.0,0.0,0.0,0.0,0.0,0.0,0.0,0.0,0.0,0.0,
Transition:
0.0222222222222,0.577777777778,0.222222222222,0.111111111111,0.0,0.0,0.0222222222222,0.0,0.0,0.0222222222222,0.0,0.0222222222222,0.0,0.0,0.0,0.0,
0.194444444444,0.0833333333333,0.555555555556,0.0555555555556,0.0277777777778,0.0,0.0833333333333,0.0,0.0,0.0,0.0,0.0,0.0,0.0,0.0,0.0,
0.405405405405,0.108108108108,0.297297297297,0.0810810810811,0.0,0.0,0.027027027027,0.0,0.0,0.0,0.0,0.0540540540541,0.0,0.0,0.0,0.027027027027,
0.0,0.0,0.0,0.0,0.1,0.0,0.0,0.2,0.3,0.1,0.0,0.0,0.0,0.3,0.0,0.0,
0.0,0.0,0.0,0.0,0.0833333333333,0.25,0.0,0.583333333333,0.0,0.0,0.0,0.0,0.0833333333333,0.0,0.0,0.0,
0.6,0.0,0.0,0.0,0.0,0.0,0.2,0.2,0.0,0.0,0.0,0.0,0.0,0.0,0.0,0.0,
0.0,0.2,0.0,0.0,0.6,0.0,0.0,0.2,0.0,0.0,0.0,0.0,0.0,0.0,0.0,0.0,
0.0,0.0,0.0,0.0,0.2,0.4,0.0,0.0,0.4,0.0,0.0,0.0,0.0,0.0,0.0,0.0,
0.0,0.0,0.0,0.0,0.833333333333,0.166666666667,0.0,0.0,0.0,0.0,0.0,0.0,0.0,0.0,0.0,0.0,
0.0,0.0,0.0,0.0,0.0,0.0,0.0,0.0,0.0,0.0,0.5,0.0,0.0,0.0,0.5,0.0,
0.0,1.0,0.0,0.0,0.0,0.0,0.0,0.0,0.0,0.0,0.0,0.0,0.0,0.0,0.0,0.0,
0.0,0.0,0.0,0.0,0.25,0.0,0.0,0.5,0.0,0.0,0.0,0.0,0.25,0.0,0.0,0.0,
0.0,0.0,0.5,0.0,0.0,0.0,0.0,0.0,0.0,0.0,0.0,0.5,0.0,0.0,0.0,0.0,
0.0,0.333333333333,0.666666666667,0.0,0.0,0.0,0.0,0.0,0.0,0.0,0.0,0.0,0.0,0.0,0.0,0.0,
0.0,0.0,0.0,0.0,0.0,0.0,0.0,0.0,1.0,0.0,0.0,0.0,0.0,0.0,0.0,0.0,
0.0,0.0,0.0,0.0,0.0,0.0,0.0,1.0,0.0,0.0,0.0,0.0,0.0,0.0,0.0,0.0,
Map:
Nocontact,+yaworientation:13
Contact,+pitchorientation:11
Opening,+yaworientation:14
rotation,C:4
rotation,NC:2
Opening,-rollorientation:10
Nocontact,+pitchorientation:12
movement,C:8
Contact,+yaworientation:3
Closing,+yaworientation:9
stop,NC:0
Contact,+rollorientation:15
movement,NC:1
stop,C:7
Nocontact,-rollorientation:5
Contact,-rollorientation:6
n_states:
8
