Start:
0.527777777778,0.0,0.0277777777778,0.0,0.222222222222,0.0555555555556,0.166666666667,0.0,0.0,0.0,0.0,0.0,
Transition:
0.0,0.0888888888889,0.2,0.222222222222,0.0444444444444,0.0,0.444444444444,0.0,0.0,0.0,0.0,0.0,
0.142857142857,0.0,0.714285714286,0.0,0.0,0.0,0.142857142857,0.0,0.0,0.0,0.0,0.0,
0.107142857143,0.0,0.0,0.464285714286,0.214285714286,0.0714285714286,0.0714285714286,0.0714285714286,0.0,0.0,0.0,0.0,
0.142857142857,0.047619047619,0.238095238095,0.0,0.52380952381,0.047619047619,0.0,0.0,0.0,0.0,0.0,0.0,
0.0,0.0,0.0,0.0,0.0,0.923076923077,0.0,0.0,0.0,0.0,0.0769230769231,0.0,
0.0,0.0625,0.1875,0.0,0.375,0.0,0.0,0.1875,0.125,0.0625,0.0,0.0,
0.633333333333,0.0333333333333,0.166666666667,0.166666666667,0.0,0.0,0.0,0.0,0.0,0.0,0.0,0.0,
0.0,0.0,0.0,0.0,1.0,0.0,0.0,0.0,0.0,0.0,0.0,0.0,
0.0,0.0,0.5,0.0,0.0,0.0,0.5,0.0,0.0,0.0,0.0,0.0,
0.0,0.0,0.0,0.0,1.0,0.0,0.0,0.0,0.0,0.0,0.0,0.0,
0.0,0.0,0.0,0.0,0.0,0.0,0.0,0.0,0.0,0.0,0.0,1.0,
0.0,0.0,0.0,0.0,0.0,1.0,0.0,0.0,0.0,0.0,0.0,0.0,
Map:
Nocontact,+yaworientation:3
Closing,-rollorientation:10
Closing,+yaworientation:1
Opening,-rollorientation:11
stop,NC:4
Contact,+yaworientation:8
rotation,NC:7
movement,C:0
movement,NC:5
Opening,+yaworientation:2
Closing,+pitchorientation:9
stop,C:6
n_states:
5
