Start:
0.272727272727,0.181818181818,0.0909090909091,0.272727272727,0.0,0.181818181818,0.0,
Transition:
0.333333333333,0.333333333333,0.0,0.0,0.0,0.333333333333,0.0,
0.6,0.2,0.0,0.0,0.0,0.0,0.2,
0.0,0.0,0.0,0.0,0.0,0.0,0.0,
0.5,0.0,0.0,0.0,0.5,0.0,0.0,
0.0,0.0,0.0,0.5,0.0,0.5,0.0,
0.75,0.25,0.0,0.0,0.0,0.0,0.0,
1.0,0.0,0.0,0.0,0.0,0.0,0.0,
Map:
+rollorientationlong:6
-rollorientation:3
Randomorientation:4
+yaworientationlong:2
+rollorientation:1
+pitchorientation:5
+yaworientation:0
n_states:
2
