0.000123023986816:0.107277571207,0.425486878604,0.1444305786,0.103066652324,-0.157225746066,-0.425968837982,0.917922475596
0.0849740505219:0.107277571207,0.425486878604,0.1444305786,0.103066652324,-0.157225746066,-0.425968837982,0.917922475596
0.990190029144:0.118273743792,0.394854149592,0.123357689107,0.234624414865,-0.250331793523,-0.498864810346,0.795876608787
0.990440130234:0.118273743792,0.394854149592,0.123357689107,0.234624414865,-0.250331793523,-0.498864810346,0.795876608787
0.990549087524:0.118273743792,0.394854149592,0.123357689107,0.234624414865,-0.250331793523,-0.498864810346,0.795876608787
1.14008808136:0.161138399029,0.359362060577,0.0855181030787,0.234624414865,-0.250331793523,-0.498864810346,0.795876608787
1.14024209976:0.1897396127,0.334177338739,0.0526267706079,0.234624414865,-0.250331793523,-0.498864810346,0.795876608787
1.29122495651:0.194321552055,0.320154230312,0.0261390603879,0.234624414865,-0.250331793523,-0.498864810346,0.795876608787
1.2914121151:0.194321552055,0.320154230312,0.0261390603879,0.234624414865,-0.250331793523,-0.498864810346,0.795876608787
1.29147601128:0.194321552055,0.320154230312,0.0261390603879,0.234624414865,-0.250331793523,-0.498864810346,0.795876608787
1.59124994278:0.107347369367,0.298241510316,-0.0226619483306,0.125509803738,-0.158544786358,-0.794449555055,0.572680285757
1.59138011932:0.110771979135,0.298455654263,-0.028968546002,0.125509803738,-0.158544786358,-0.794449555055,0.572680285757
1.74199509621:0.110771979135,0.298455654263,-0.028968546002,0.125509803738,-0.158544786358,-0.794449555055,0.572680285757
1.74221897125:0.0684466276515,0.336126978968,-0.0378478188951,-0.196061391823,0.0867293437339,0.933739242504,-0.286657337813
1.74253797531:0.0684466276515,0.336126978968,-0.0378478188951,-0.196061391823,0.0867293437339,0.933739242504,-0.286657337813
1.74292898178:0.0684466276515,0.336126978968,-0.0378478188951,-0.196061391823,0.0867293437339,0.933739242504,-0.286657337813
1.89224004745:0.0415690775695,0.351492625126,0.0229865924891,-0.196061391823,0.0867293437339,0.933739242504,-0.286657337813
1.89239406586:0.0415690775695,0.351492625126,0.0229865924891,-0.196061391823,0.0867293437339,0.933739242504,-0.286657337813
2.04303193092:0.0415690775695,0.351492625126,0.0229865924891,-0.196061391823,0.0867293437339,0.933739242504,-0.286657337813
2.04326295853:0.000812362113437,0.380835238006,0.0676178990868,-0.196061391823,0.0867293437339,0.933739242504,-0.286657337813
2.19353508949:0.000812362113437,0.380835238006,0.0676178990868,-0.196061391823,0.0867293437339,0.933739242504,-0.286657337813
2.19365501404:-0.0268007166745,0.42901551722,0.0883811591127,-0.196061391823,0.0867293437339,0.933739242504,-0.286657337813
2.49584889412:-0.0443460728872,0.48135982678,0.079940020691,-0.196061391823,0.0867293437339,0.933739242504,-0.286657337813
2.49552798271:-0.0443460728872,0.48135982678,0.079940020691,-0.196061391823,0.0867293437339,0.933739242504,-0.286657337813
2.49605989456:-0.0443460728872,0.48135982678,0.079940020691,-0.196061391823,0.0867293437339,0.933739242504,-0.286657337813
2.49616003036:-0.0443460728872,0.48135982678,0.079940020691,-0.196061391823,0.0867293437339,0.933739242504,-0.286657337813
2.64522099495:-0.0443460728872,0.48135982678,0.079940020691,-0.196061391823,0.0867293437339,0.933739242504,-0.286657337813
2.6454949379:-0.0443460728872,0.48135982678,0.079940020691,-0.196061391823,0.0867293437339,0.933739242504,-0.286657337813
2.79545497894:0.0084829779832,0.440600070152,0.136926324514,-0.530126601428,0.634668774672,0.55507740174,-0.0896974668213
2.79558110237:0.0084829779832,0.440600070152,0.136926324514,-0.530126601428,0.634668774672,0.55507740174,-0.0896974668213
2.94624495506:0.0084829779832,0.440600070152,0.136926324514,-0.530126601428,0.634668774672,0.55507740174,-0.0896974668213
2.94702291489:0.0084829779832,0.440600070152,0.136926324514,-0.530126601428,0.634668774672,0.55507740174,-0.0896974668213
2.94659900665:0.0084829779832,0.440600070152,0.136926324514,-0.530126601428,0.634668774672,0.55507740174,-0.0896974668213
2.9472258091:0.0084829779832,0.440600070152,0.136926324514,-0.530126601428,0.634668774672,0.55507740174,-0.0896974668213
2.94684290886:0.0084829779832,0.440600070152,0.136926324514,-0.530126601428,0.634668774672,0.55507740174,-0.0896974668213
3.09705901146:0.053262093148,0.448111539362,0.157407838664,0.604694951227,-0.564826977892,-0.516423989249,0.220482921117
3.09717106819:0.0803798655284,0.473498396581,0.14731728239,0.604694951227,-0.564826977892,-0.516423989249,0.220482921117
3.24731302261:0.0803798655284,0.473498396581,0.14731728239,0.604694951227,-0.564826977892,-0.516423989249,0.220482921117
3.24750995636:0.0803798655284,0.473498396581,0.14731728239,0.604694951227,-0.564826977892,-0.516423989249,0.220482921117
3.2481880188:0.125545745341,0.502662223472,0.0792904461239,0.579946951544,-0.482577443099,-0.569453748647,0.326354010008
3.39818811417:0.125545745341,0.502662223472,0.0792904461239,0.579946951544,-0.482577443099,-0.569453748647,0.326354010008
3.39834690094:0.147773337274,0.519149441715,0.0275763452184,0.579946951544,-0.482577443099,-0.569453748647,0.326354010008
3.85017991066:0.153463283048,0.537036292432,0.00962679799973,0.579946951544,-0.482577443099,-0.569453748647,0.326354010008
3.85119581223:0.153463283048,0.537036292432,0.00962679799973,0.579946951544,-0.482577443099,-0.569453748647,0.326354010008
3.85139703751:0.153463283048,0.537036292432,0.00962679799973,0.579946951544,-0.482577443099,-0.569453748647,0.326354010008
3.851541996:0.0675602319632,0.571693940633,-0.0467571990244,-0.201685669349,0.0603440165054,0.904991061546,-0.369689056632
4.15067195892:0.0678749182411,0.566149326576,-0.0461750515471,-0.201685669349,0.0603440165054,0.904991061546,-0.369689056632
4.1508140564:0.0678749182411,0.566149326576,-0.0461750515471,-0.201685669349,0.0603440165054,0.904991061546,-0.369689056632
4.15097618103:0.0678749182411,0.566149326576,-0.0461750515471,-0.201685669349,0.0603440165054,0.904991061546,-0.369689056632
4.30182886124:0.0603007431452,0.575087539298,-0.0398684538756,-0.201685669349,0.0603440165054,0.904991061546,-0.369689056632
4.30208206177:0.0603007431452,0.575087539298,-0.0398684538756,-0.201685669349,0.0603440165054,0.904991061546,-0.369689056632
4.75240135193:0.0376045860542,0.589262240376,-0.00271218949579,-0.287169317129,0.120481366569,0.939443948115,-0.143102038663
4.75285434723:0.0376045860542,0.589262240376,-0.00271218949579,-0.287169317129,0.120481366569,0.939443948115,-0.143102038663
4.75297927856:0.0376045860542,0.589262240376,-0.00271218949579,-0.287169317129,0.120481366569,0.939443948115,-0.143102038663
4.817735672:0.00820664077852,0.5921340978,0.0500290629444,-0.287169317129,0.120481366569,0.939443948115,-0.143102038663
4.81793022156:0.00820664077852,0.5921340978,0.0500290629444,-0.285908344402,0.176368855075,0.941749274556,0.0249434622331
5.05503082275:-0.0359305811298,0.565975856462,0.124058817149,-0.285908344402,0.176368855075,0.941749274556,0.0249434622331
5.65695571899:-0.0820216099293,0.53520680061,0.149894886725,-0.112567932414,0.247399775381,0.960627447703,-0.0567532133113
5.65733718872:-0.0820216099293,0.53520680061,0.149894886725,-0.112567932414,0.247399775381,0.960627447703,-0.0567532133113
5.65779685974:-0.0820216099293,0.53520680061,0.149894886725,-0.112567932414,0.247399775381,0.960627447703,-0.0567532133113
