Start:
1.0,0.0,0.0,
0.0,1.0,0.0,
1.0,0.0,0.0,
Transition:
0.0,0.0,0.0,
0.0,0.0,0.0,
0.0,0.0,0.0,
-
0.0,0.384615384615,0.615384615385,
1.0,0.0,0.0,
2.0,0.0,0.0,
-
0.0,0.0,0.0,
0.0,0.0,0.0,
0.0,0.0,0.0,
-
--
0.6,0.0,0.4,
1.0,0.0,0.0,
8.0,0.0,0.0,
-
0.0,0.0,0.0,
0.0,0.0,0.0,
0.0,0.0,0.0,
-
0.0,0.0,0.0,
0.0,0.0,0.0,
0.0,0.0,0.0,
-
--
0.0,0.0,0.0,
0.0,0.0,0.0,
0.0,0.0,0.0,
-
0.0,0.0,0.0,
0.0,0.0,0.0,
0.0,0.0,0.0,
-
0.0,0.0,0.0,
0.0,0.0,0.0,
0.0,0.0,0.0,
-
--
Map:
Stop,Stop,Pos:2
Stop,Stop,Stop:0
Stop,Stop,Neg:1
n_states:
5.8
