0.000529050827026:0.0878612092314,0.404863297875,0.28043859251,0.0481929863758,0.296176708215,0.360727763802,0.883081216022
0.000385046005249:0.0878612092314,0.404863297875,0.28043859251,0.0481929863758,0.296176708215,0.360727763802,0.883081216022
0.000597953796387:0.0878612092314,0.404863297875,0.28043859251,0.0481929863758,0.296176708215,0.360727763802,0.883081216022
0.00111413002014:0.0878612092314,0.404863297875,0.28043859251,0.0481929863758,0.296176708215,0.360727763802,0.883081216022
0.0953891277313:0.0878612092314,0.404863297875,0.28043859251,0.0481929863758,0.296176708215,0.360727763802,0.883081216022
0.999763965607:0.0918142546767,0.406004235508,0.255234844147,0.0257601867625,0.278896822135,0.369674374173,0.885942613215
1.00005507469:0.0918142546767,0.406004235508,0.255234844147,0.0257601867625,0.278896822135,0.369674374173,0.885942613215
1.00059986115:0.0918142546767,0.406004235508,0.255234844147,0.0257601867625,0.278896822135,0.369674374173,0.885942613215
1.00132203102:0.0918142546767,0.406004235508,0.255234844147,0.0257601867625,0.278896822135,0.369674374173,0.885942613215
1.00104689598:0.0918142546767,0.406004235508,0.255234844147,0.0257601867625,0.278896822135,0.369674374173,0.885942613215
1.00271511078:0.0918142546767,0.406004235508,0.255234844147,0.0257601867625,0.278896822135,0.369674374173,0.885942613215
1.15224409103:0.111916386947,0.38902152457,0.102079504341,0.0257601867625,0.278896822135,0.369674374173,0.885942613215
1.15280413628:0.111916386947,0.38902152457,0.102079504341,0.0257601867625,0.278896822135,0.369674374173,0.885942613215
1.15318393707:0.111916386947,0.38902152457,0.102079504341,0.0257601867625,0.278896822135,0.369674374173,0.885942613215
1.15432810783:0.111916386947,0.38902152457,0.102079504341,0.0257601867625,0.278896822135,0.369674374173,0.885942613215
1.75318312645:0.11110243665,0.36897258352,0.0124322532918,-0.0750915564796,0.339418936898,0.258694513565,0.901240010727
1.90334010124:0.11110243665,0.36897258352,0.0124322532918,-0.0750915564796,0.339418936898,0.258694513565,0.901240010727
1.9035949707:0.11110243665,0.36897258352,0.0124322532918,-0.0750915564796,0.339418936898,0.258694513565,0.901240010727
1.90443205833:0.11110243665,0.36897258352,0.0124322532918,-0.0750915564796,0.339418936898,0.258694513565,0.901240010727
1.9041390419:0.11110243665,0.36897258352,0.0124322532918,-0.0750915564796,0.339418936898,0.258694513565,0.901240010727
1.90492606163:0.112510499008,0.35645545169,0.075416179603,-0.113863135302,0.318238152709,0.212268813286,0.916897972619
1.90604805946:0.112510499008,0.35645545169,0.075416179603,-0.113863135302,0.318238152709,0.212268813286,0.916897972619
2.05695295334:0.101689344652,0.355502740413,0.158425888341,-0.113863135302,0.318238152709,0.212268813286,0.916897972619
2.20446801186:0.0958296097971,0.364819785965,0.209590541662,-0.113863135302,0.318238152709,0.212268813286,0.916897972619
2.20538687706:0.0958296097971,0.364819785965,0.209590541662,-0.086591714797,0.282182207338,0.219773187904,0.929825237792
2.80736112595:0.0928124643153,0.393723294685,0.227025145332,0.0385968016829,0.252484646449,0.286148123468,0.92351581511
2.80804395676:0.0928124643153,0.393723294685,0.227025145332,0.0385968016829,0.252484646449,0.286148123468,0.92351581511
2.80899095535:0.0928124643153,0.393723294685,0.227025145332,0.0385968016829,0.252484646449,0.286148123468,0.92351581511
3.10938000679:0.15255416414,0.371039090241,0.191017539298,0.0590009049726,0.23093254651,0.302414374728,0.922894801547
3.11042809486:0.15255416414,0.371039090241,0.191017539298,0.0590009049726,0.23093254651,0.302414374728,0.922894801547
3.11107897758:0.214670507251,0.34392631925,0.155702005318,0.0590009049726,0.23093254651,0.302414374728,0.922894801547
3.2589969635:0.214670507251,0.34392631925,0.155702005318,0.0590009049726,0.23093254651,0.302414374728,0.922894801547
3.26024103165:0.214670507251,0.34392631925,0.155702005318,0.0590009049726,0.23093254651,0.302414374728,0.922894801547
3.2612760067:0.214670507251,0.34392631925,0.155702005318,0.0590009049726,0.23093254651,0.302414374728,0.922894801547
3.26224112511:0.278311495591,0.318472339759,0.124014193051,0.0590009049726,0.23093254651,0.302414374728,0.922894801547
3.56246495247:0.370737819619,0.291484101766,0.087485066837,0.0773468385592,0.231520981108,0.317194674112,0.916408043892
3.86135792732:0.384930137521,0.282457088615,0.0740287380843,0.0537868302812,0.26582086608,0.318735626715,0.908214869741
3.86179900169:0.38964529824,0.273331500881,0.0650342196081,0.0362674033427,0.301963065737,0.307374787797,0.901678394096
4.16200637817:0.390038849852,0.275202040347,0.0652769380547,0.0362674033427,0.301963065737,0.307374787797,0.901678394096
4.16295623779:0.390038849852,0.275202040347,0.0652769380547,0.0362674033427,0.301963065737,0.307374787797,0.901678394096
4.16385936737:0.390038849852,0.275202040347,0.0652769380547,0.0274018889803,0.324797789021,0.31088966568,0.892806537871
4.7659330368:0.372835316815,0.28520589174,0.056381481858,0.0375772566889,0.3162855071,0.312942733338,0.89477268132
4.7671546936:0.372835316815,0.28520589174,0.056381481858,0.0375772566889,0.3162855071,0.312942733338,0.89477268132
4.91794490814:0.372891450253,0.28890864857,0.0554106080716,0.0375772566889,0.3162855071,0.312942733338,0.89477268132
4.9186630249:0.372891450253,0.28890864857,0.0554106080716,0.0375772566889,0.3162855071,0.312942733338,0.89477268132
6.12228488922:0.388062917388,0.328619057006,0.0938065866777,0.108469549843,0.1658229707,0.392150041148,0.89830720385
6.87413787842:0.384776490606,0.321869228831,0.0918850267558,0.0861853572613,0.20655108331,0.3848417808,0.895435959609
6.87436103821:0.384776490606,0.321869228831,0.0918850267558,0.0861853572613,0.20655108331,0.3848417808,0.895435959609
7.77759504318:0.386983304667,0.327920042333,0.0930986189888,0.0861853572613,0.20655108331,0.3848417808,0.895435959609
7.77792930603:0.386983304667,0.327920042333,0.0930986189888,0.0861853572613,0.20655108331,0.3848417808,0.895435959609
8.22752571106:0.382269006337,0.327498037109,0.0929046122335,0.102240639189,0.204060052203,0.389669286021,0.892224734119
8.22826957703:0.382269006337,0.327498037109,0.0929046122335,0.102240639189,0.204060052203,0.389669286021,0.892224734119
8.37794494629:0.382269006337,0.327498037109,0.0929046122335,0.102240639189,0.204060052203,0.389669286021,0.892224734119
8.37828063965:0.383775873243,0.329735261499,0.0956958743694,0.102240639189,0.204060052203,0.389669286021,0.892224734119
8.37891769409:0.383775873243,0.329735261499,0.0956958743694,0.102240639189,0.204060052203,0.389669286021,0.892224734119
8.37943458557:0.383775873243,0.329735261499,0.0956958743694,0.102240639189,0.204060052203,0.389669286021,0.892224734119
9.58381843567:0.391036571578,0.330078174827,0.112412716559,0.131459036418,0.169285024808,0.409805243647,0.886634589738
10.6360731125:0.353804582659,0.31633593349,0.12301634608,0.019196192501,0.19422820689,0.389841546628,0.899961269759
10.6367321014:0.353804582659,0.31633593349,0.12301634608,0.019196192501,0.19422820689,0.389841546628,0.899961269759
10.6382389069:0.353804582659,0.31633593349,0.12301634608,0.019196192501,0.19422820689,0.389841546628,0.899961269759
10.9385309219:0.196577812851,0.338924885506,0.182482365497,0.019196192501,0.19422820689,0.389841546628,0.899961269759
10.9396409988:0.196577812851,0.338924885506,0.182482365497,0.019196192501,0.19422820689,0.389841546628,0.899961269759
11.0882577896:0.150770392475,0.346524523484,0.193440064143,0.0302897390104,0.223654406445,0.358258748953,0.905931753588
11.0887947083:0.150770392475,0.346524523484,0.193440064143,0.0302897390104,0.223654406445,0.358258748953,0.905931753588
11.9892892838:0.0648422474781,0.387409294418,0.230978735152,0.144938361208,0.250279341366,0.223133794312,0.93089482757
11.9903650284:0.0648422474781,0.387409294418,0.230978735152,0.144938361208,0.250279341366,0.223133794312,0.93089482757
11.9917736053:0.0748913229225,0.397882949447,0.237487289351,0.142911992635,0.212606089775,0.225654238001,0.939923158462
12.4430274963:0.0803028891647,0.414584582727,0.24039991071,0.142911992635,0.212606089775,0.225654238001,0.939923158462
12.4441890717:0.0803028891647,0.414584582727,0.24039991071,0.142911992635,0.212606089775,0.225654238001,0.939923158462
12.5918674469:0.0913454119058,0.413461807303,0.231825834029,0.0578179686599,0.141064409582,0.272372386654,0.950037620366
12.5924434662:0.0913454119058,0.413461807303,0.231825834029,0.0578179686599,0.141064409582,0.272372386654,0.950037620366
12.89179039:0.104427123933,0.40775003919,0.182311270922,0.0578179686599,0.141064409582,0.272372386654,0.950037620366
12.8927087784:0.122738097185,0.401695786673,0.10464136801,0.0578179686599,0.141064409582,0.272372386654,0.950037620366
12.8935127258:0.122738097185,0.401695786673,0.10464136801,0.0578179686599,0.141064409582,0.272372386654,0.950037620366
13.1951465607:0.133769674739,0.419539930853,0.0178695233494,0.0578179686599,0.141064409582,0.272372386654,0.950037620366
13.1956577301:0.133769674739,0.419539930853,0.0178695233494,0.0578179686599,0.141064409582,0.272372386654,0.950037620366
13.1963453293:0.133769674739,0.419539930853,0.0178695233494,0.0578179686599,0.141064409582,0.272372386654,0.950037620366
13.1967716217:0.133769674739,0.419539930853,0.0178695233494,0.0578179686599,0.141064409582,0.272372386654,0.950037620366
13.344461441:0.127263509595,0.410923369704,0.00474556388423,0.00576837525603,0.180915090838,0.253630862519,0.950214737087
13.3447322845:0.127263509595,0.410923369704,0.00474556388423,0.00576837525603,0.180915090838,0.253630862519,0.950214737087
13.3452033997:0.127263509595,0.410923369704,0.00474556388423,0.00576837525603,0.180915090838,0.253630862519,0.950214737087
13.7937459946:0.127080895805,0.405903631191,0.036905758059,0.00576837525603,0.180915090838,0.253630862519,0.950214737087
13.795460701:0.121130382795,0.402901040558,0.114727596939,-0.062434791417,0.149891499122,0.274633975627,0.947739933673
13.7971029282:0.121130382795,0.402901040558,0.114727596939,-0.062434791417,0.149891499122,0.274633975627,0.947739933673
14.0976314545:0.0963333376668,0.413317098686,0.267761577521,-0.062434791417,0.149891499122,0.274633975627,0.947739933673
14.0980262756:0.0963333376668,0.413317098686,0.267761577521,-0.062434791417,0.149891499122,0.274633975627,0.947739933673
14.3973045349:0.0771334845082,0.406655439939,0.298352876593,-0.051494817262,0.231854623197,0.23761616269,0.941876200798
