Start:
0.1,0.0,0.0,0.9,0.0,0.0,0.0,0.0,
Transition:
0.0,0.5,0.0,0.0,0.0,0.0,0.0,0.5,
0.0,0.0,1.0,0.0,0.0,0.0,0.0,0.0,
0.0625,0.0,0.0,0.5,0.3125,0.0625,0.0625,0.0,
0.0,0.0,0.722222222222,0.0,0.111111111111,0.0555555555556,0.0555555555556,0.0555555555556,
0.166666666667,0.0,0.333333333333,0.166666666667,0.0,0.166666666667,0.0,0.166666666667,
0.5,0.0,0.0,0.0,0.5,0.0,0.0,0.0,
0.5,0.0,0.0,0.0,0.0,0.0,0.0,0.5,
0.666666666667,0.0,0.0,0.0,0.0,0.333333333333,0.0,0.0,
Map:
Nocontact,+yaworientation:4
movement,NC:7
movement,C:2
Contact,Randomorientation:1
stop,NC:0
Nocontact,Randomorientation:6
Opening,+yaworientation:5
stop,C:3
n_states:
6
