Start:
0.1,0.9,0.0,0.0,0.0,0.0,0.0,0.0,0.0,0.0,
Transition:
0.0,1.0,0.0,0.0,0.0,0.0,0.0,0.0,0.0,0.0,
0.0,0.0,0.9,0.0,0.0,0.0,0.0,0.1,0.0,0.0,
0.0,0.0,0.0,0.555555555556,0.222222222222,0.111111111111,0.0,0.111111111111,0.0,0.0,
0.0,0.0,0.0,0.0,0.833333333333,0.0,0.0,0.0,0.166666666667,0.0,
0.0,0.0,0.0,0.125,0.0,0.25,0.25,0.0,0.125,0.25,
0.0,0.0,0.0,0.0,0.25,0.0,0.5,0.0,0.25,0.0,
0.0,0.0,0.0,0.0,0.0,0.0,0.0,0.0,0.0,0.0,
0.0,0.0,0.0,0.0,0.0,0.0,0.0,0.0,0.5,0.5,
0.0,0.0,0.0,0.0,0.0,0.0,0.833333333333,0.0,0.0,0.166666666667,
0.0,0.0,0.0,0.0,0.0,0.25,0.25,0.0,0.5,0.0,
Map:
Nocontact,+yaworientation:4
ZPo,NC:9
ZSt,NC:8
ZSt,C:2
ZNe,C:1
Contact,Randomorientation:0
Nocontact,Randomorientation:7
Stoprotat+yaworientation,NC:6
Opening,+yaworientation:5
ZPo,C:3
n_states:
6
