Start:
0.354838709677,0.483870967742,0.0,0.0645161290323,0.0322580645161,0.0645161290323,0.0,
Transition:
0.0,0.0,0.0,0.5,0.5,0.0,0.0,
0.0,0.0,0.222222222222,0.333333333333,0.111111111111,0.222222222222,0.111111111111,
0.0,0.0,0.0,0.0,0.0,0.0,0.0,
0.0,0.5,0.0,0.0,0.5,0.0,0.0,
0.0,0.666666666667,0.0,0.333333333333,0.0,0.0,0.0,
0.0,1.0,0.0,0.0,0.0,0.0,0.0,
0.0,0.0,0.0,0.0,0.0,1.0,0.0,
Map:
-rollorientation:2
Randomorientation:6
+rollorientation:3
+yaworientationlong:0
-pitchorientation:5
+pitchorientation:4
+yaworientation:1
n_states:
1
