Start:
0.689655172414,0.241379310345,0.0,0.0,0.0,0.0,0.0,0.0344827586207,0.0,0.0,0.0,0.0,0.0,0.0344827586207,0.0,
Transition:
0.0227272727273,0.477272727273,0.0454545454545,0.0454545454545,0.159090909091,0.0909090909091,0.0,0.0454545454545,0.0909090909091,0.0,0.0,0.0227272727273,0.0,0.0,0.0,
0.451612903226,0.0322580645161,0.0322580645161,0.0,0.0,0.161290322581,0.0,0.161290322581,0.0,0.0322580645161,0.0,0.0322580645161,0.0645161290323,0.0,0.0322580645161,
0.5,0.0,0.0,0.5,0.0,0.0,0.0,0.0,0.0,0.0,0.0,0.0,0.0,0.0,0.0,
0.0,0.0,0.0,0.0,0.0,0.0,0.0,0.0,0.0,0.0,0.0,0.0,0.0,0.0,0.0,
0.0,0.25,0.125,0.0,0.125,0.25,0.0,0.0,0.0,0.25,0.0,0.0,0.0,0.0,0.0,
0.0909090909091,0.0,0.0,0.0909090909091,0.0,0.0,0.545454545455,0.0909090909091,0.0,0.0,0.0909090909091,0.0,0.0,0.0909090909091,0.0,
0.0,0.0,0.0,0.714285714286,0.0,0.0,0.0,0.285714285714,0.0,0.0,0.0,0.0,0.0,0.0,0.0,
0.3,0.1,0.0,0.2,0.0,0.4,0.0,0.0,0.0,0.0,0.0,0.0,0.0,0.0,0.0,
0.0,0.0,0.0,0.0,0.0,0.0,0.333333333333,0.0,0.0,0.0,0.333333333333,0.0,0.0,0.0,0.333333333333,
0.0,0.0,0.0,0.666666666667,0.0,0.0,0.333333333333,0.0,0.0,0.0,0.0,0.0,0.0,0.0,0.0,
0.0,0.0,0.0,0.0,0.0,0.0,0.0,0.0,0.0,0.0,1.0,0.0,0.0,0.0,0.0,
0.5,0.0,0.0,0.0,0.0,0.0,0.0,0.0,0.0,0.25,0.0,0.0,0.25,0.0,0.0,
0.333333333333,0.0,0.0,0.0,0.0,0.0,0.0,0.0,0.0,0.0,0.0,0.666666666667,0.0,0.0,0.0,
0.5,0.0,0.0,0.0,0.0,0.0,0.5,0.0,0.0,0.0,0.0,0.0,0.0,0.0,0.0,
0.0,0.0,0.0,0.0,0.0,0.0,0.0,0.0,1.0,0.0,0.0,0.0,0.0,0.0,0.0,
Map:
Nocontact,+rollorientation:8
Closing,-rollorientation:12
rotation,C:4
rotation,NC:10
Opening,-rollorientation:11
movement,NC:6
stop,NC:3
Opening,+rollorientation:14
Nocontact,-pitchorientation:2
movement,C:0
Nocontact,+pitchorientation:5
stop,C:1
Closing,+pitchorientation:13
Nocontact,-rollorientation:9
Opening,+pitchorientation:7
n_states:
5
