Start:
0.6,0.1,0.3,
0.2,0.3,0.5,
0.4,0.0,0.6,
Transition:
0.0,0.0,0.0,
0.0,0.0,0.0,
0.0,0.0,0.0,
-
0.0,0.0,1.0,
1.0,0.0,0.0,
1.0,0.0,0.0,
-
0.0,0.166666666667,0.833333333333,
1.0,0.0,0.0,
0.0,0.0,0.0,
-
--
1.0,0.0,0.0,
1.0,0.0,0.0,
0.0,0.0,0.0,
-
0.0,0.0,0.0,
0.0,0.0,0.0,
0.0,0.0,0.0,
-
0.0,0.0,1.0,
0.0,0.0,0.0,
0.0,0.0,0.0,
-
--
0.714285714286,0.285714285714,0.0,
0.0,0.0,0.0,
5.0,2.0,0.0,
-
0.0,1.0,0.0,
0.0,0.0,0.0,
0.0,0.0,0.0,
-
0.0,0.0,0.0,
0.0,0.0,0.0,
0.0,0.0,0.0,
-
--
Map:
+yawRotation:0
-yawRotation:2
No:1
n_states:
4.5
