Start:
1.0,0.0,0.0,
0.0,0.5,0.5,
0.333333333333,0.333333333333,0.333333333333,
Transition:
0.0,0.0,0.0,
0.0,0.0,0.0,
0.0,0.0,0.0,
-
0.0,0.5,0.5,
0.333333333333,0.666666666667,0.0,
2.0,4.0,0.0,
-
0.0,0.0,1.0,
0.5,0.0,0.5,
0.0,0.0,0.0,
-
--
0.4,0.0,0.6,
1.0,0.0,0.0,
1.0,0.0,0.0,
-
0.0,0.0,0.0,
0.0,0.0,0.0,
0.0,0.0,0.0,
-
0.0,1.0,0.0,
0.333333333333,0.0,0.666666666667,
0.0,0.0,0.0,
-
--
0.5,0.0,0.5,
1.0,0.0,0.0,
1.0,0.0,0.0,
-
0.0,1.0,0.0,
0.285714285714,0.714285714286,0.0,
2.0,5.0,0.0,
-
0.0,0.0,0.0,
0.0,0.0,0.0,
0.0,0.0,0.0,
-
--
Map:
Stop,Stop,Pos:1
Stop,Stop,Stop:0
Stop,Stop,Neg:2
n_states:
6.4
