Start:
0.833333333333,0.0,0.0,0.0,0.0,0.0,0.0,0.0,0.0,0.0,0.0,0.0,0.0,0.0,0.166666666667,0.0,0.0,0.0,0.0,0.0,0.0,0.0,0.0,0.0,0.0,0.0,0.0,
Transition:
0.0,0.111111111111,0.0555555555556,0.0555555555556,0.0,0.0833333333333,0.472222222222,0.0,0.0,0.0,0.111111111111,0.0,0.0,0.0,0.0,0.0277777777778,0.0,0.0,0.0,0.0,0.0277777777778,0.0,0.0277777777778,0.0,0.0277777777778,0.0,0.0,
0.0,0.0,0.102564102564,0.282051282051,0.128205128205,0.435897435897,0.025641025641,0.0,0.0,0.0,0.0,0.0,0.0,0.025641025641,0.0,0.0,0.0,0.0,0.0,0.0,0.0,0.0,0.0,0.0,0.0,0.0,0.0,
0.0,0.0625,0.0,0.0,0.0,0.0,0.03125,0.0,0.0,0.0,0.03125,0.625,0.09375,0.15625,0.0,0.0,0.0,0.0,0.0,0.0,0.0,0.0,0.0,0.0,0.0,0.0,0.0,
0.0,0.12,0.0,0.0,0.36,0.4,0.0,0.04,0.0,0.0,0.0,0.0,0.04,0.0,0.0,0.0,0.0,0.0,0.0,0.0,0.0,0.04,0.0,0.0,0.0,0.0,0.0,
0.0,0.454545454545,0.0,0.181818181818,0.0,0.227272727273,0.0,0.0,0.0454545454545,0.0,0.0454545454545,0.0,0.0,0.0,0.0,0.0,0.0,0.0,0.0,0.0454545454545,0.0,0.0,0.0,0.0,0.0,0.0,0.0,
0.0238095238095,0.5,0.0,0.142857142857,0.261904761905,0.0,0.0238095238095,0.0,0.0,0.0,0.0,0.047619047619,0.0,0.0,0.0,0.0,0.0,0.0,0.0,0.0,0.0,0.0,0.0,0.0,0.0,0.0,0.0,
0.739130434783,0.0,0.0,0.0,0.0,0.0434782608696,0.0434782608696,0.0,0.0,0.0,0.130434782609,0.0,0.0,0.0,0.0,0.0,0.0,0.0,0.0,0.0,0.0,0.0,0.0,0.0434782608696,0.0,0.0,0.0,
0.0,0.0,0.0,0.0,0.0,0.0,0.0,0.0,0.5,0.0,0.0,0.0,0.5,0.0,0.0,0.0,0.0,0.0,0.0,0.0,0.0,0.0,0.0,0.0,0.0,0.0,0.0,
0.0,0.0,0.0,0.0,0.0,0.0,0.0,0.0,0.0,0.25,0.0,0.0,0.0,0.0,0.0,0.0,0.0,0.0,0.75,0.0,0.0,0.0,0.0,0.0,0.0,0.0,0.0,
0.0,0.0,0.0,0.0,0.0,0.0,0.0,0.0,0.5,0.0,0.5,0.0,0.0,0.0,0.0,0.0,0.0,0.0,0.0,0.0,0.0,0.0,0.0,0.0,0.0,0.0,0.0,
0.111111111111,0.0,0.0555555555556,0.0,0.0,0.0555555555556,0.222222222222,0.0,0.0,0.0,0.222222222222,0.166666666667,0.0,0.0,0.0,0.0,0.0,0.0,0.0,0.0,0.0,0.0,0.0555555555556,0.0,0.0555555555556,0.0,0.0555555555556,
0.0,0.0,0.566666666667,0.0,0.0,0.133333333333,0.0,0.0,0.0,0.0,0.0333333333333,0.0,0.133333333333,0.133333333333,0.0,0.0,0.0,0.0,0.0,0.0,0.0,0.0,0.0,0.0,0.0,0.0,0.0,
0.0,0.0,0.384615384615,0.0769230769231,0.0,0.0,0.0,0.0,0.0,0.0,0.0,0.461538461538,0.0,0.0769230769231,0.0,0.0,0.0,0.0,0.0,0.0,0.0,0.0,0.0,0.0,0.0,0.0,0.0,
0.0,0.0,0.272727272727,0.0,0.0,0.0,0.0,0.0,0.0,0.0,0.0,0.181818181818,0.545454545455,0.0,0.0,0.0,0.0,0.0,0.0,0.0,0.0,0.0,0.0,0.0,0.0,0.0,0.0,
0.0,0.0,0.2,0.0,0.0,0.6,0.0,0.2,0.0,0.0,0.0,0.0,0.0,0.0,0.0,0.0,0.0,0.0,0.0,0.0,0.0,0.0,0.0,0.0,0.0,0.0,0.0,
0.0,0.0,0.0,0.0,0.0,0.0,0.0,0.0,0.0,0.0,0.0,0.0,0.0,0.0,0.0,0.0,0.25,0.0,0.0,0.0,0.0,0.0,0.25,0.5,0.0,0.0,0.0,
0.0,0.0,0.0,0.0,0.0,0.0,0.0,0.0,0.0,0.0,0.0,0.0,0.0,0.0,0.0,0.0,0.0,1.0,0.0,0.0,0.0,0.0,0.0,0.0,0.0,0.0,0.0,
0.25,0.0,0.0,0.0,0.0,0.0,0.0,0.0,0.0,0.0,0.0,0.0,0.0,0.0,0.0,0.75,0.0,0.0,0.0,0.0,0.0,0.0,0.0,0.0,0.0,0.0,0.0,
0.0,0.0,0.0,0.0,0.0,0.0,0.0,0.0,0.5,0.0,0.0,0.0,0.0,0.0,0.0,0.0,0.0,0.0,0.0,0.5,0.0,0.0,0.0,0.0,0.0,0.0,0.0,
0.0,0.0,0.0,0.0,0.0,0.0,0.0,0.0,0.0,0.5,0.0,0.0,0.0,0.0,0.0,0.0,0.0,0.5,0.0,0.0,0.0,0.0,0.0,0.0,0.0,0.0,0.0,
0.0,0.0,0.0,0.0,0.0,0.0,0.0,0.0,0.0,0.0,0.0,0.0,0.0,0.0,0.0,0.0,0.0,0.0,0.0,0.0,0.0,1.0,0.0,0.0,0.0,0.0,0.0,
0.0,0.0,0.0,0.5,0.0,0.0,0.0,0.0,0.0,0.0,0.0,0.0,0.0,0.0,0.0,0.0,0.0,0.0,0.0,0.0,0.5,0.0,0.0,0.0,0.0,0.0,0.0,
0.0,0.0,0.0,0.0,0.0,0.0,0.0,0.0,0.0,0.0,0.333333333333,0.0,0.0,0.0,0.0,0.0,0.0,0.333333333333,0.0,0.0,0.0,0.0,0.0,0.333333333333,0.0,0.0,0.0,
0.25,0.0,0.0,0.0,0.0,0.0,0.0,0.0,0.0,0.0,0.25,0.0,0.0,0.0,0.0,0.0,0.0,0.5,0.0,0.0,0.0,0.0,0.0,0.0,0.0,0.0,0.0,
0.0,0.0,0.0,0.0,0.0,0.0,0.0,0.0,0.0,0.0,0.5,0.0,0.0,0.0,0.0,0.0,0.0,0.0,0.0,0.0,0.0,0.0,0.0,0.0,0.0,0.5,0.0,
0.0,0.0,0.0,0.0,0.0,1.0,0.0,0.0,0.0,0.0,0.0,0.0,0.0,0.0,0.0,0.0,0.0,0.0,0.0,0.0,0.0,0.0,0.0,0.0,0.0,0.0,0.0,
0.0,0.0,0.0,0.0,0.0,0.0,0.0,0.0,0.0,0.0,1.0,0.0,0.0,0.0,0.0,0.0,0.0,0.0,0.0,0.0,0.0,0.0,0.0,0.0,0.0,0.0,0.0,
Map:
Closing,+yaworientation:1
Closing,Randomorientation:18
Opening,-rollorientation:2
Contact,-pitchorientation:15
stop,C:14
Closing,+pitchorientation:25
Nocontact,-rollorientation:12
Nocontact,+rollorientation:21
Opening,-pitchorientation:23
rotation,NC:10
Contact,+rollorientation:20
Closing,-pitchorientation:22
Contact,-rollorientation:13
rotation,C:7
Opening,Randomorientation:8
Contact,Randomorientation:19
Closing,-rollorientation:11
movement,C:16
Nocontact,Randomorientation:9
Opening,+pitchorientation:24
Nocontact,+yaworientation:4
Opening,+rollorientation:26
Nocontact,-pitchorientation:17
stop,NC:0
movement,NC:6
Opening,+yaworientation:5
Contact,+yaworientation:3
n_states:
12
