Start:
0.533333333333,0.0,0.2,0.0,0.133333333333,0.0,0.0,0.0,0.0,0.133333333333,
Transition:
0.0,0.791666666667,0.0,0.0,0.0416666666667,0.125,0.0,0.0,0.0416666666667,0.0,
0.647058823529,0.0,0.235294117647,0.0,0.0,0.0,0.117647058824,0.0,0.0,0.0,
0.0,0.0,0.0,0.047619047619,0.952380952381,0.0,0.0,0.0,0.0,0.0,
0.0,1.0,0.0,0.0,0.0,0.0,0.0,0.0,0.0,0.0,
0.136363636364,0.227272727273,0.636363636364,0.0,0.0,0.0,0.0,0.0,0.0,0.0,
0.0,0.0,0.0,0.0,1.0,0.0,0.0,0.0,0.0,0.0,
0.0,0.0,0.0,0.0,0.5,0.0,0.0,0.5,0.0,0.0,
1.0,0.0,0.0,0.0,0.0,0.0,0.0,0.0,0.0,0.0,
0.333333333333,0.0,0.0,0.0,0.666666666667,0.0,0.0,0.0,0.0,0.0,
0.0,0.0,0.0,0.0,0.0,0.0,0.0,0.0,1.0,0.0,
Map:
index0-->1,middle1-->0,:3
index1-->0,middle1-->0,:7
index1-->0,:1
middle0-->1,:2
middle2-->1,:8
index0-->1,:0
middle1-->0,:4
middle1-->2,:9
index1-->0,middle0-->1,:5
index0-->1,middle0-->1,:6
n_states:
3
