Start:
0.133333333333,0.133333333333,0.0,0.366666666667,0.0666666666667,0.0333333333333,0.0333333333333,0.0666666666667,0.0333333333333,0.0666666666667,0.0333333333333,0.0333333333333,
Transition:
0.117647058824,0.117647058824,0.117647058824,0.0,0.0588235294118,0.117647058824,0.0,0.470588235294,0.0,0.0,0.0,0.0,
0.5,0.0,0.25,0.0,0.25,0.0,0.0,0.0,0.0,0.0,0.0,0.0,
0.333333333333,0.0,0.0,0.111111111111,0.0,0.111111111111,0.111111111111,0.333333333333,0.0,0.0,0.0,0.0,
0.0,0.0,0.125,0.0,0.0,0.125,0.625,0.125,0.0,0.0,0.0,0.0,
0.333333333333,0.0,0.666666666667,0.0,0.0,0.0,0.0,0.0,0.0,0.0,0.0,0.0,
0.25,0.0,0.0,0.5,0.25,0.0,0.0,0.0,0.0,0.0,0.0,0.0,
0.2,0.2,0.4,0.0,0.0,0.2,0.0,0.0,0.0,0.0,0.0,0.0,
0.5,0.0,0.25,0.0833333333333,0.0833333333333,0.0,0.0,0.0,0.0833333333333,0.0,0.0,0.0,
0.0,0.0,0.0,0.0,0.0,0.0,0.0,0.0,0.0,0.0,0.0,0.0,
1.0,0.0,0.0,0.0,0.0,0.0,0.0,0.0,0.0,0.0,0.0,0.0,
0.0,0.0,1.0,0.0,0.0,0.0,0.0,0.0,0.0,0.0,0.0,0.0,
0.0,0.0,0.0,0.0,0.0,0.0,1.0,0.0,0.0,0.0,0.0,0.0,
Map:
+rollorientationlong:9
-rollorientation:7
Randomorientation:2
-pitchorientation:6
+yaworientationlong:3
+rollorientation:5
-pitchorientationlong:10
-rollorientationlong:1
+pitchorientation:4
-yaworientation:11
+yaworientation:0
+pitchorientationlong:8
n_states:
3
